TIMESTAMP,TRACK_ID,OBJECT_TYPE,X,Y,CITY_NAME
315974823.57968616,00000000-0000-0000-0000-000000000000,AV,604.1685842137556,1389.6709514498864,MIA
315974823.57968616,00000000-0000-0000-0000-000000067790,OTHERS,587.6982551387146,1388.8009955670507,MIA
315974823.57968616,00000000-0000-0000-0000-000000067932,OTHERS,579.1191855214507,1307.9853323737386,MIA
315974823.57968616,00000000-0000-0000-0000-000000067934,OTHERS,581.8047974608303,1409.241433186585,MIA
315974823.57968616,00000000-0000-0000-0000-000000067916,OTHERS,579.4243089597339,1298.8125301897478,MIA
315974823.57968616,00000000-0000-0000-0000-000000067935,OTHERS,633.1414271467094,1387.7573001175394,MIA
315974823.57968616,00000000-0000-0000-0000-000000067922,OTHERS,579.352027151377,1316.0567074415123,MIA
315974823.57968616,00000000-0000-0000-0000-000000067937,OTHERS,553.7690055371469,1248.5294945684216,MIA
315974823.57968616,00000000-0000-0000-0000-000000067757,OTHERS,600.8246340856367,1383.844644850145,MIA
315974823.57968616,00000000-0000-0000-0000-000000067929,OTHERS,579.3296886797492,1416.2111671566681,MIA
315974823.57968616,00000000-0000-0000-0000-000000067931,OTHERS,575.3053953402459,1312.95975202242,MIA
315974823.57968616,00000000-0000-0000-0000-000000067921,OTHERS,586.0167845376478,1355.6460392774616,MIA
315974823.57968616,00000000-0000-0000-0000-000000067868,OTHERS,580.4661248559837,1269.929368639776,MIA
315974823.57968616,00000000-0000-0000-0000-000000067920,OTHERS,580.0802079248441,1432.4970492970444,MIA
315974823.57968616,00000000-0000-0000-0000-000000067891,AGENT,586.6667081181557,1371.379448960294,MIA
315974823.6829897,00000000-0000-0000-0000-000000000000,AV,604.1685213440161,1389.670831773786,MIA
315974823.6829897,00000000-0000-0000-0000-000000067790,OTHERS,587.5090584456632,1389.9018244655551,MIA
315974823.6829897,00000000-0000-0000-0000-000000067934,OTHERS,581.6672586520708,1407.4491579979929,MIA
315974823.6829897,00000000-0000-0000-0000-000000067916,OTHERS,579.8789138055135,1298.8573836959138,MIA
315974823.6829897,00000000-0000-0000-0000-000000067757,OTHERS,600.82743334545,1383.853085413031,MIA
315974823.6829897,00000000-0000-0000-0000-000000067937,OTHERS,553.585921250737,1248.6775920012199,MIA
315974823.6829897,00000000-0000-0000-0000-000000067935,OTHERS,632.3700543936183,1387.7129568056664,MIA
315974823.6829897,00000000-0000-0000-0000-000000067922,OTHERS,579.3307980570747,1315.7017306506555,MIA
315974823.6829897,00000000-0000-0000-0000-000000067932,OTHERS,579.0516282304225,1308.0171997988875,MIA
315974823.6829897,00000000-0000-0000-0000-000000067929,OTHERS,579.0986406685868,1414.627670783687,MIA
315974823.6829897,00000000-0000-0000-0000-000000067931,OTHERS,575.1931838817586,1313.2302807491606,MIA
315974823.6829897,00000000-0000-0000-0000-000000067921,OTHERS,586.0684054002897,1356.1539784271067,MIA
315974823.6829897,00000000-0000-0000-0000-000000067868,OTHERS,580.6989052440533,1269.790351000037,MIA
315974823.6829897,00000000-0000-0000-0000-000000067920,OTHERS,580.3709436119285,1431.9609363194274,MIA
315974823.6829897,00000000-0000-0000-0000-000000067891,AGENT,586.6838893831336,1371.911428301283,MIA
315974823.7836846,00000000-0000-0000-0000-000000000000,AV,604.1685683064758,1389.6705002986535,MIA
315974823.7836846,00000000-0000-0000-0000-000000067790,OTHERS,587.5090584456632,1389.9018244655551,MIA
315974823.7836846,00000000-0000-0000-0000-000000067934,OTHERS,581.6672586520708,1407.4491579979929,MIA
315974823.7836846,00000000-0000-0000-0000-000000067916,OTHERS,579.8789138055135,1298.8573836959138,MIA
315974823.7836846,00000000-0000-0000-0000-000000067757,OTHERS,600.82743334545,1383.853085413031,MIA
315974823.7836846,00000000-0000-0000-0000-000000067937,OTHERS,553.585921250737,1248.6775920012199,MIA
315974823.7836846,00000000-0000-0000-0000-000000067935,OTHERS,632.3700543936183,1387.7129568056664,MIA
315974823.7836846,00000000-0000-0000-0000-000000067922,OTHERS,579.3307980570747,1315.7017306506555,MIA
315974823.7836846,00000000-0000-0000-0000-000000067932,OTHERS,579.0516282304225,1308.0171997988875,MIA
315974823.7836846,00000000-0000-0000-0000-000000067929,OTHERS,579.0986406685868,1414.627670783687,MIA
315974823.7836846,00000000-0000-0000-0000-000000067931,OTHERS,575.1931838817586,1313.2302807491606,MIA
315974823.7836846,00000000-0000-0000-0000-000000067921,OTHERS,586.0684054002897,1356.1539784271067,MIA
315974823.7836846,00000000-0000-0000-0000-000000067868,OTHERS,580.6989052440533,1269.790351000037,MIA
315974823.7836846,00000000-0000-0000-0000-000000067920,OTHERS,580.3709436119285,1431.9609363194274,MIA
315974823.7836846,00000000-0000-0000-0000-000000067891,AGENT,586.6838893831336,1371.911428301283,MIA
315974823.90191936,00000000-0000-0000-0000-000000000000,AV,604.1686339446378,1389.6699887472073,MIA
315974823.90191936,00000000-0000-0000-0000-000000067790,OTHERS,587.5557445079149,1391.919609614649,MIA
315974823.90191936,00000000-0000-0000-0000-000000067891,AGENT,586.661245733465,1373.1980740720912,MIA
315974823.90191936,00000000-0000-0000-0000-000000067916,OTHERS,579.7426725575941,1298.8784242360534,MIA
315974823.90191936,00000000-0000-0000-0000-000000067868,OTHERS,580.4078813560379,1269.5206513122716,MIA
315974823.90191936,00000000-0000-0000-0000-000000067920,OTHERS,580.4493255780898,1432.4195807092872,MIA
315974823.90191936,00000000-0000-0000-0000-000000067757,OTHERS,600.8149287656541,1383.8683719909866,MIA
315974823.90191936,00000000-0000-0000-0000-000000067935,OTHERS,630.4326457493399,1387.6677255090522,MIA
315974823.90191936,00000000-0000-0000-0000-000000067922,OTHERS,579.3060882692668,1315.2463830066656,MIA
315974823.90191936,00000000-0000-0000-0000-000000067940,OTHERS,578.0731039337193,1379.6270720119385,MIA
315974823.90191936,00000000-0000-0000-0000-000000067921,OTHERS,586.2009405006639,1357.0345882478448,MIA
315974823.90191936,00000000-0000-0000-0000-000000067944,OTHERS,580.5870749347105,1277.2764783721022,MIA
315974823.90191936,00000000-0000-0000-0000-000000067931,OTHERS,575.3199538659155,1312.7960529837708,MIA
315974823.90191936,00000000-0000-0000-0000-000000067937,OTHERS,553.4711537193409,1248.6613722113755,MIA
315974823.90191936,00000000-0000-0000-0000-000000067934,OTHERS,581.5523877812334,1403.8908562998565,MIA
315974823.90191936,00000000-0000-0000-0000-000000067932,OTHERS,579.0516282304225,1308.0171997988875,MIA
315974823.90191936,00000000-0000-0000-0000-000000067929,OTHERS,579.1427096674552,1413.0052464682776,MIA
315974824.0028563,00000000-0000-0000-0000-000000000000,AV,604.1684773091248,1389.6698056961295,MIA
315974824.0028563,00000000-0000-0000-0000-000000067790,OTHERS,587.9112740729905,1392.1998198904184,MIA
315974824.0028563,00000000-0000-0000-0000-000000067891,AGENT,586.7543448389764,1374.076090873983,MIA
315974824.0028563,00000000-0000-0000-0000-000000067916,OTHERS,579.7426725575941,1298.8784242360534,MIA
315974824.0028563,00000000-0000-0000-0000-000000067868,OTHERS,580.553273272058,1269.3298459359778,MIA
315974824.0028563,00000000-0000-0000-0000-000000067920,OTHERS,580.4493255780898,1432.4195807092872,MIA
315974824.0028563,00000000-0000-0000-0000-000000067921,OTHERS,586.1609491493425,1357.5117918960561,MIA
315974824.0028563,00000000-0000-0000-0000-000000067757,OTHERS,600.8565590017546,1383.8744473668405,MIA
315974824.0028563,00000000-0000-0000-0000-000000067940,OTHERS,577.9893914115609,1378.6517966059823,MIA
315974824.0028563,00000000-0000-0000-0000-000000067935,OTHERS,630.1347473411405,1387.5058014666477,MIA
315974824.0028563,00000000-0000-0000-0000-000000067922,OTHERS,579.1839871954633,1315.0715478881934,MIA
315974824.0028563,00000000-0000-0000-0000-000000067947,OTHERS,547.2026415134882,1380.6702113252054,MIA
315974824.0028563,00000000-0000-0000-0000-000000067944,OTHERS,580.5870749347105,1277.2764783721022,MIA
315974824.0028563,00000000-0000-0000-0000-000000067931,OTHERS,575.2647980742385,1313.0346563793166,MIA
315974824.0028563,00000000-0000-0000-0000-000000067937,OTHERS,553.5881195418699,1248.690315895733,MIA
315974824.0028563,00000000-0000-0000-0000-000000067934,OTHERS,581.5032880505976,1402.2791890422325,MIA
315974824.0028563,00000000-0000-0000-0000-000000067932,OTHERS,579.0516282304225,1308.0171997988875,MIA
315974824.0028563,00000000-0000-0000-0000-000000067946,OTHERS,561.1832955638263,1385.3319863812185,MIA
315974824.0028563,00000000-0000-0000-0000-000000067929,OTHERS,579.2696038258549,1412.5003695707833,MIA
315974824.0926644,00000000-0000-0000-0000-000000000000,AV,604.1684548993361,1389.669665604979,MIA
315974824.0926644,00000000-0000-0000-0000-000000067790,OTHERS,587.943911898086,1392.9864411261447,MIA
315974824.0926644,00000000-0000-0000-0000-000000067891,AGENT,586.7871209719657,1374.7106290477923,MIA
315974824.0926644,00000000-0000-0000-0000-000000067916,OTHERS,579.5862744782652,1298.8461720805813,MIA
315974824.0926644,00000000-0000-0000-0000-000000067868,OTHERS,580.8137204903902,1269.1378619937118,MIA
315974824.0926644,00000000-0000-0000-0000-000000067920,OTHERS,580.4493255780898,1432.4195807092872,MIA
315974824.0926644,00000000-0000-0000-0000-000000067921,OTHERS,585.9866564537323,1357.6098408558087,MIA
315974824.0926644,00000000-0000-0000-0000-000000067940,OTHERS,577.9149246223968,1377.569509272634,MIA
315974824.0926644,00000000-0000-0000-0000-000000067947,OTHERS,547.3413966390845,1380.6387594816524,MIA
315974824.0926644,00000000-0000-0000-0000-000000067935,OTHERS,628.7927022161582,1387.4962911632267,MIA
315974824.0926644,00000000-0000-0000-0000-000000067922,OTHERS,579.3498349563267,1314.849421431057,MIA
315974824.0926644,00000000-0000-0000-0000-000000067757,OTHERS,600.8452372477561,1383.8578086359946,MIA
315974824.0926644,00000000-0000-0000-0000-000000067944,OTHERS,580.5870749347105,1277.2764783721022,MIA
315974824.0926644,00000000-0000-0000-0000-000000067931,OTHERS,575.1696211647784,1312.8894401359535,MIA
315974824.0926644,00000000-0000-0000-0000-000000067937,OTHERS,553.5881195418699,1248.690315895733,MIA
315974824.0926644,00000000-0000-0000-0000-000000067934,OTHERS,581.3791487614005,1401.4627749458145,MIA
315974824.0926644,00000000-0000-0000-0000-000000067946,OTHERS,560.394542470943,1385.3474469371015,MIA
315974824.0926644,00000000-0000-0000-0000-000000067929,OTHERS,579.3855180702312,1412.0072338271482,MIA
315974824.1972115,00000000-0000-0000-0000-000000000000,AV,604.1681727557595,1389.6696042485642,MIA
315974824.1972115,00000000-0000-0000-0000-000000067790,OTHERS,588.0750391920733,1394.1913501755184,MIA
315974824.1972115,00000000-0000-0000-0000-000000067891,AGENT,586.8192624982622,1375.596262901995,MIA
315974824.1972115,00000000-0000-0000-0000-000000067916,OTHERS,579.5862744782652,1298.8461720805813,MIA
315974824.1972115,00000000-0000-0000-0000-000000067921,OTHERS,586.288274137578,1358.0661180320612,MIA
315974824.1972115,00000000-0000-0000-0000-000000067947,OTHERS,547.2274739609423,1380.6767789834682,MIA
315974824.1972115,00000000-0000-0000-0000-000000067935,OTHERS,628.197813820849,1387.5944397345984,MIA
315974824.1972115,00000000-0000-0000-0000-000000067922,OTHERS,579.3587713413898,1314.7222980866372,MIA
315974824.1972115,00000000-0000-0000-0000-000000067868,OTHERS,580.6728852506131,1268.9904096329935,MIA
315974824.1972115,00000000-0000-0000-0000-000000067920,OTHERS,580.4493255780898,1432.4195807092872,MIA
315974824.1972115,00000000-0000-0000-0000-000000067940,OTHERS,577.8903543463779,1376.4116172001602,MIA
315974824.1972115,00000000-0000-0000-0000-000000067757,OTHERS,600.844216702709,1383.8383910717325,MIA
315974824.1972115,00000000-0000-0000-0000-000000067944,OTHERS,580.5870749347105,1277.2764783721022,MIA
315974824.1972115,00000000-0000-0000-0000-000000067931,OTHERS,575.163355342141,1313.0495920499222,MIA
315974824.1972115,00000000-0000-0000-0000-000000067937,OTHERS,553.5833717630516,1248.7031434483085,MIA
315974824.1972115,00000000-0000-0000-0000-000000067945,OTHERS,578.7448976184073,1407.6021026445947,MIA
315974824.1972115,00000000-0000-0000-0000-000000067934,OTHERS,581.3420298602712,1400.5869552199274,MIA
315974824.1972115,00000000-0000-0000-0000-000000067946,OTHERS,559.5859230166444,1385.3821317068473,MIA
315974824.1972115,00000000-0000-0000-0000-000000067929,OTHERS,579.4371567431798,1411.6007586651212,MIA
315974824.2888972,00000000-0000-0000-0000-000000000000,AV,604.168110872455,1389.669404689289,MIA
315974824.2888972,00000000-0000-0000-0000-000000067790,OTHERS,588.10768279758,1395.1474861489155,MIA
315974824.2888972,00000000-0000-0000-0000-000000067948,OTHERS,575.970536751084,1324.038997594422,MIA
315974824.2888972,00000000-0000-0000-0000-000000067891,AGENT,586.7771760599062,1376.1614384172892,MIA
315974824.2888972,00000000-0000-0000-0000-000000067916,OTHERS,579.6547482334055,1298.8179167342246,MIA
315974824.2888972,00000000-0000-0000-0000-000000067921,OTHERS,586.2926644229598,1358.601097042714,MIA
315974824.2888972,00000000-0000-0000-0000-000000067947,OTHERS,547.3704787365929,1380.5908780079953,MIA
315974824.2888972,00000000-0000-0000-0000-000000067949,OTHERS,580.5787047418356,1456.3243528357575,MIA
315974824.2888972,00000000-0000-0000-0000-000000067935,OTHERS,627.3742503240966,1387.5297964952483,MIA
315974824.2888972,00000000-0000-0000-0000-000000067922,OTHERS,579.2995658178065,1314.5701679399444,MIA
315974824.2888972,00000000-0000-0000-0000-000000067868,OTHERS,580.8032093370881,1268.7892664939295,MIA
315974824.2888972,00000000-0000-0000-0000-000000067940,OTHERS,577.8052948687073,1375.502462529893,MIA
315974824.2888972,00000000-0000-0000-0000-000000067757,OTHERS,600.8611234604257,1383.84086785138,MIA
315974824.2888972,00000000-0000-0000-0000-000000067937,OTHERS,553.5833717630516,1248.7031434483085,MIA
315974824.2888972,00000000-0000-0000-0000-000000067945,OTHERS,578.8324711164548,1406.997149308372,MIA
315974824.2888972,00000000-0000-0000-0000-000000067934,OTHERS,581.3420298602712,1400.5869552199274,MIA
315974824.2888972,00000000-0000-0000-0000-000000067946,OTHERS,558.8421470728089,1385.3920668311594,MIA
315974824.2888972,00000000-0000-0000-0000-000000067929,OTHERS,579.2896565229399,1409.5211452032372,MIA
315974824.2888972,00000000-0000-0000-0000-000000067931,OTHERS,575.2325203999999,1312.9552836449534,MIA
315974824.3945267,00000000-0000-0000-0000-000000000000,AV,604.1677505767208,1389.6695551261914,MIA
315974824.3945267,00000000-0000-0000-0000-000000067757,OTHERS,600.8132393189773,1383.8366328035167,MIA
315974824.3945267,00000000-0000-0000-0000-000000067790,OTHERS,587.6031436427138,1394.9461166164676,MIA
315974824.3945267,00000000-0000-0000-0000-000000067948,OTHERS,575.970536751084,1324.038997594422,MIA
315974824.3945267,00000000-0000-0000-0000-000000067891,AGENT,586.8021007219959,1376.8990999125388,MIA
315974824.3945267,00000000-0000-0000-0000-000000067947,OTHERS,547.2972377724583,1380.672611851698,MIA
315974824.3945267,00000000-0000-0000-0000-000000067921,OTHERS,586.4332501042827,1359.739940646975,MIA
315974824.3945267,00000000-0000-0000-0000-000000067949,OTHERS,580.7635728286876,1455.6178858767369,MIA
315974824.3945267,00000000-0000-0000-0000-000000067935,OTHERS,626.8789063950777,1387.5214262037616,MIA
315974824.3945267,00000000-0000-0000-0000-000000067922,OTHERS,579.3292254566479,1314.553892891519,MIA
315974824.3945267,00000000-0000-0000-0000-000000067868,OTHERS,580.8694667895087,1268.5843516004088,MIA
315974824.3945267,00000000-0000-0000-0000-000000067951,OTHERS,586.3092438296192,1392.0686046839292,MIA
315974824.3945267,00000000-0000-0000-0000-000000067940,OTHERS,577.7209430898113,1374.6601349664404,MIA
315974824.3945267,00000000-0000-0000-0000-000000067937,OTHERS,553.5833717630516,1248.7031434483085,MIA
315974824.3945267,00000000-0000-0000-0000-000000067945,OTHERS,578.9359717565598,1407.0136440745378,MIA
315974824.3945267,00000000-0000-0000-0000-000000067934,OTHERS,581.3420298602712,1400.5869552199274,MIA
315974824.3945267,00000000-0000-0000-0000-000000067916,OTHERS,579.714170668423,1298.7957601488538,MIA
315974824.3945267,00000000-0000-0000-0000-000000067946,OTHERS,557.9890590485614,1385.365450774529,MIA
315974824.3945267,00000000-0000-0000-0000-000000067929,OTHERS,579.3608458220467,1409.3631514284484,MIA
315974824.3945267,00000000-0000-0000-0000-000000067931,OTHERS,575.2609061085013,1312.8824592349354,MIA
315974824.5022013,00000000-0000-0000-0000-000000000000,AV,604.16775120389,1389.6695921385003,MIA
315974824.5022013,00000000-0000-0000-0000-000000067790,OTHERS,587.5844955017673,1395.725768293016,MIA
315974824.5022013,00000000-0000-0000-0000-000000067948,OTHERS,575.970536751084,1324.038997594422,MIA
315974824.5022013,00000000-0000-0000-0000-000000067891,AGENT,586.8507890552736,1377.6930311702558,MIA
315974824.5022013,00000000-0000-0000-0000-000000067916,OTHERS,579.6673253933087,1298.6574562539333,MIA
315974824.5022013,00000000-0000-0000-0000-000000067921,OTHERS,586.2461905640662,1361.1230088844766,MIA
315974824.5022013,00000000-0000-0000-0000-000000067922,OTHERS,579.2959995769799,1314.453330151356,MIA
315974824.5022013,00000000-0000-0000-0000-000000067945,OTHERS,578.9378321566845,1407.0035331983381,MIA
315974824.5022013,00000000-0000-0000-0000-000000067868,OTHERS,580.6247884733455,1268.3949161524433,MIA
315974824.5022013,00000000-0000-0000-0000-000000067951,OTHERS,586.3092438296192,1392.0686046839292,MIA
315974824.5022013,00000000-0000-0000-0000-000000067757,OTHERS,600.8049738157706,1383.8639894210196,MIA
315974824.5022013,00000000-0000-0000-0000-000000067947,OTHERS,546.8276968220283,1380.5581113109295,MIA
315974824.5022013,00000000-0000-0000-0000-000000067949,OTHERS,580.7303328516342,1454.6420730183627,MIA
315974824.5022013,00000000-0000-0000-0000-000000067935,OTHERS,626.0764658488703,1387.5634378673171,MIA
315974824.5022013,00000000-0000-0000-0000-000000067940,OTHERS,577.4840375643635,1373.9609199559104,MIA
315974824.5022013,00000000-0000-0000-0000-000000067937,OTHERS,553.5833717630516,1248.7031434483085,MIA
315974824.5022013,00000000-0000-0000-0000-000000067934,OTHERS,581.2869647198278,1392.7933858282254,MIA
315974824.5022013,00000000-0000-0000-0000-000000067946,OTHERS,557.1226108834027,1385.40008745289,MIA
315974824.5022013,00000000-0000-0000-0000-000000067929,OTHERS,579.3858851081003,1409.0427106299624,MIA
315974824.5022013,00000000-0000-0000-0000-000000067931,OTHERS,575.2327148499708,1312.955704480678,MIA
315974824.60688055,00000000-0000-0000-0000-000000000000,AV,604.1676635480811,1389.6695015656396,MIA
315974824.60688055,00000000-0000-0000-0000-000000067790,OTHERS,587.6221765103763,1396.6563168766213,MIA
315974824.60688055,00000000-0000-0000-0000-000000067948,OTHERS,575.970536751084,1324.038997594422,MIA
315974824.60688055,00000000-0000-0000-0000-000000067891,AGENT,586.8760609043401,1378.5017475477434,MIA
315974824.60688055,00000000-0000-0000-0000-000000067916,OTHERS,579.6836806254727,1298.6148971937605,MIA
315974824.60688055,00000000-0000-0000-0000-000000067921,OTHERS,586.2834875491516,1361.6235191475994,MIA
315974824.60688055,00000000-0000-0000-0000-000000067922,OTHERS,579.3604696584607,1314.3776525170833,MIA
315974824.60688055,00000000-0000-0000-0000-000000067757,OTHERS,600.8424902438193,1383.866270669072,MIA
315974824.60688055,00000000-0000-0000-0000-000000067947,OTHERS,547.4009275321387,1380.4535627758871,MIA
315974824.60688055,00000000-0000-0000-0000-000000067945,OTHERS,578.9378321566845,1407.0035331983381,MIA
315974824.60688055,00000000-0000-0000-0000-000000067931,OTHERS,575.2779270171718,1312.6865186058772,MIA
315974824.60688055,00000000-0000-0000-0000-000000067868,OTHERS,580.952093716204,1268.2527331080435,MIA
315974824.60688055,00000000-0000-0000-0000-000000067951,OTHERS,586.3092438296192,1392.0686046839292,MIA
315974824.60688055,00000000-0000-0000-0000-000000067949,OTHERS,580.7670095657213,1454.0171889266448,MIA
315974824.60688055,00000000-0000-0000-0000-000000067935,OTHERS,625.2752554136181,1387.3687562917419,MIA
315974824.60688055,00000000-0000-0000-0000-000000067940,OTHERS,577.4840375643635,1373.9609199559104,MIA
315974824.60688055,00000000-0000-0000-0000-000000067934,OTHERS,581.4123928733615,1392.0594346971766,MIA
315974824.60688055,00000000-0000-0000-0000-000000067946,OTHERS,556.3243086471507,1385.3504151805662,MIA
315974824.60688055,00000000-0000-0000-0000-000000067929,OTHERS,579.192509519858,1407.2135688022195,MIA
315974824.69782805,00000000-0000-0000-0000-000000000000,AV,604.1675522840209,1389.669611495144,MIA
315974824.69782805,00000000-0000-0000-0000-000000067790,OTHERS,587.6465994909559,1397.4638232199436,MIA
315974824.69782805,00000000-0000-0000-0000-000000067891,AGENT,586.9208612594533,1379.2648405013638,MIA
315974824.69782805,00000000-0000-0000-0000-000000067916,OTHERS,579.708516283425,1298.6223762013494,MIA
315974824.69782805,00000000-0000-0000-0000-000000067921,OTHERS,586.5101228389838,1362.5782356645398,MIA
315974824.69782805,00000000-0000-0000-0000-000000067922,OTHERS,579.4054160206578,1314.3739832792605,MIA
315974824.69782805,00000000-0000-0000-0000-000000067931,OTHERS,575.2939751180668,1312.7506276769354,MIA
315974824.69782805,00000000-0000-0000-0000-000000067757,OTHERS,600.8449937678353,1383.8436445256127,MIA
315974824.69782805,00000000-0000-0000-0000-000000067947,OTHERS,547.354878865823,1380.5464735049884,MIA
315974824.69782805,00000000-0000-0000-0000-000000067945,OTHERS,578.9378321566845,1407.0035331983381,MIA
315974824.69782805,00000000-0000-0000-0000-000000067952,OTHERS,575.8581523884827,1332.1831881175349,MIA
315974824.69782805,00000000-0000-0000-0000-000000067868,OTHERS,581.0653918139974,1268.0962025598285,MIA
315974824.69782805,00000000-0000-0000-0000-000000067951,OTHERS,586.3092438296192,1392.0686046839292,MIA
315974824.69782805,00000000-0000-0000-0000-000000067949,OTHERS,580.9396872905056,1452.7432477652478,MIA
315974824.69782805,00000000-0000-0000-0000-000000067935,OTHERS,624.6794904191563,1387.4428914589582,MIA
315974824.69782805,00000000-0000-0000-0000-000000067940,OTHERS,578.0175421198859,1369.2016925043433,MIA
315974824.69782805,00000000-0000-0000-0000-000000067934,OTHERS,581.2182024277638,1390.7457659752124,MIA
315974824.69782805,00000000-0000-0000-0000-000000067946,OTHERS,555.4660460322832,1385.368883341004,MIA
315974824.69782805,00000000-0000-0000-0000-000000067929,OTHERS,579.192509519858,1407.2135688022195,MIA
315974824.80922425,00000000-0000-0000-0000-000000000000,AV,604.167463275505,1389.6695981720002,MIA
315974824.80922425,00000000-0000-0000-0000-000000067790,OTHERS,587.6818772963874,1398.3982745819108,MIA
315974824.80922425,00000000-0000-0000-0000-000000067868,OTHERS,581.0414619090024,1267.8523933394295,MIA
315974824.80922425,00000000-0000-0000-0000-000000067891,AGENT,586.9483016593016,1380.0573196462708,MIA
315974824.80922425,00000000-0000-0000-0000-000000067916,OTHERS,579.9227834990372,1298.4787552092994,MIA
315974824.80922425,00000000-0000-0000-0000-000000067921,OTHERS,586.3709888348033,1363.253662673072,MIA
315974824.80922425,00000000-0000-0000-0000-000000067922,OTHERS,579.3155809254715,1314.3349552068821,MIA
315974824.80922425,00000000-0000-0000-0000-000000067757,OTHERS,600.8253266230603,1383.8425167532635,MIA
315974824.80922425,00000000-0000-0000-0000-000000067947,OTHERS,547.3698259452186,1380.6639079633976,MIA
315974824.80922425,00000000-0000-0000-0000-000000067945,OTHERS,578.9378321566845,1407.0035331983381,MIA
315974824.80922425,00000000-0000-0000-0000-000000067952,OTHERS,575.9082073145232,1331.775466145117,MIA
315974824.80922425,00000000-0000-0000-0000-000000067931,OTHERS,575.2858824604313,1312.676232998081,MIA
315974824.80922425,00000000-0000-0000-0000-000000067949,OTHERS,580.6201523485906,1451.6145919259018,MIA
315974824.80922425,00000000-0000-0000-0000-000000067935,OTHERS,623.7979948978832,1387.4045583398208,MIA
315974824.80922425,00000000-0000-0000-0000-000000067940,OTHERS,577.6748945811571,1369.5903095410724,MIA
315974824.80922425,00000000-0000-0000-0000-000000067934,OTHERS,581.2034903530832,1389.2977392405594,MIA
315974824.80922425,00000000-0000-0000-0000-000000067946,OTHERS,554.5521232092043,1385.4687828884682,MIA
315974824.80922425,00000000-0000-0000-0000-000000067929,OTHERS,579.192509519858,1407.2135688022195,MIA
315974824.91128993,00000000-0000-0000-0000-000000000000,AV,604.1674153376665,1389.669682503352,MIA
315974824.91128993,00000000-0000-0000-0000-000000067790,OTHERS,587.7459427527435,1399.3349877154599,MIA
315974824.91128993,00000000-0000-0000-0000-000000067868,OTHERS,580.9557030205598,1267.6585700134724,MIA
315974824.91128993,00000000-0000-0000-0000-000000067891,AGENT,586.9645749900062,1380.862157435461,MIA
315974824.91128993,00000000-0000-0000-0000-000000067916,OTHERS,579.9227834990372,1298.4787552092994,MIA
315974824.91128993,00000000-0000-0000-0000-000000067952,OTHERS,575.8778450205765,1331.6177249992993,MIA
315974824.91128993,00000000-0000-0000-0000-000000067757,OTHERS,600.8287053756694,1383.859426736239,MIA
315974824.91128993,00000000-0000-0000-0000-000000067947,OTHERS,547.3768451437139,1380.650464894347,MIA
315974824.91128993,00000000-0000-0000-0000-000000067921,OTHERS,586.3330491842403,1363.8654569344255,MIA
315974824.91128993,00000000-0000-0000-0000-000000067931,OTHERS,575.0533881891138,1312.907230659079,MIA
315974824.91128993,00000000-0000-0000-0000-000000067949,OTHERS,580.5322805901808,1450.3432938714652,MIA
315974824.91128993,00000000-0000-0000-0000-000000067935,OTHERS,622.7205949265367,1387.368418111601,MIA
315974824.91128993,00000000-0000-0000-0000-000000067922,OTHERS,579.2896027274883,1314.3454971671536,MIA
315974824.91128993,00000000-0000-0000-0000-000000067940,OTHERS,577.5380207285086,1369.0532958962644,MIA
315974824.91128993,00000000-0000-0000-0000-000000067934,OTHERS,580.9109450143734,1387.6016355588197,MIA
315974824.91128993,00000000-0000-0000-0000-000000067946,OTHERS,554.5521232092043,1385.4687828884682,MIA
315974824.91128993,00000000-0000-0000-0000-000000067929,OTHERS,579.192509519858,1407.2135688022195,MIA
315974825.00787115,00000000-0000-0000-0000-000000000000,AV,604.167340731114,1389.669736218151,MIA
315974825.00787115,00000000-0000-0000-0000-000000067757,OTHERS,600.8051024168952,1383.83761444101,MIA
315974825.00787115,00000000-0000-0000-0000-000000067790,OTHERS,587.7549323340198,1400.1691419658935,MIA
315974825.00787115,00000000-0000-0000-0000-000000067868,OTHERS,580.5422283090846,1267.480507000215,MIA
315974825.00787115,00000000-0000-0000-0000-000000067891,AGENT,586.9987274642393,1381.687165342354,MIA
315974825.00787115,00000000-0000-0000-0000-000000067952,OTHERS,575.8989534965498,1331.440104048175,MIA
315974825.00787115,00000000-0000-0000-0000-000000067931,OTHERS,575.0828597715371,1312.9143172432725,MIA
315974825.00787115,00000000-0000-0000-0000-000000067955,OTHERS,579.3187887951208,1418.6259011990705,MIA
315974825.00787115,00000000-0000-0000-0000-000000067949,OTHERS,580.5473799272365,1449.5929863012382,MIA
315974825.00787115,00000000-0000-0000-0000-000000067935,OTHERS,622.1880648371282,1387.364938903024,MIA
315974825.00787115,00000000-0000-0000-0000-000000067922,OTHERS,579.249421250051,1314.3556709923869,MIA
315974825.00787115,00000000-0000-0000-0000-000000067947,OTHERS,547.3768451437139,1380.650464894347,MIA
315974825.00787115,00000000-0000-0000-0000-000000067921,OTHERS,586.4546692089425,1364.4864030371546,MIA
315974825.00787115,00000000-0000-0000-0000-000000067946,OTHERS,552.7122035421824,1385.5864870591558,MIA
315974825.00787115,00000000-0000-0000-0000-000000067940,OTHERS,577.4841076291982,1368.0944002399938,MIA
315974825.00787115,00000000-0000-0000-0000-000000067934,OTHERS,580.8636165782385,1386.090405000922,MIA
315974825.00787115,00000000-0000-0000-0000-000000067916,OTHERS,579.9227834990372,1298.4787552092994,MIA
315974825.10171604,00000000-0000-0000-0000-000000000000,AV,604.167398389667,1389.6697690657627,MIA
315974825.10171604,00000000-0000-0000-0000-000000067757,OTHERS,600.8107628063364,1383.8531339751858,MIA
315974825.10171604,00000000-0000-0000-0000-000000067790,OTHERS,587.7869388740089,1401.1840189319628,MIA
315974825.10171604,00000000-0000-0000-0000-000000067868,OTHERS,580.8501984185755,1267.28475421301,MIA
315974825.10171604,00000000-0000-0000-0000-000000067952,OTHERS,575.8126759986096,1331.4414991862322,MIA
315974825.10171604,00000000-0000-0000-0000-000000067891,AGENT,587.0457212780727,1382.3622331521444,MIA
315974825.10171604,00000000-0000-0000-0000-000000067949,OTHERS,580.5522777839113,1448.3059325086124,MIA
315974825.10171604,00000000-0000-0000-0000-000000067935,OTHERS,621.6435660342888,1387.354118529023,MIA
315974825.10171604,00000000-0000-0000-0000-000000067922,OTHERS,579.2672253386017,1314.3306547002762,MIA
315974825.10171604,00000000-0000-0000-0000-000000067955,OTHERS,579.3719163150109,1418.0220554778036,MIA
315974825.10171604,00000000-0000-0000-0000-000000067931,OTHERS,575.1084895639908,1312.7066381813913,MIA
315974825.10171604,00000000-0000-0000-0000-000000067947,OTHERS,547.3428239823221,1380.614752239262,MIA
315974825.10171604,00000000-0000-0000-0000-000000067921,OTHERS,586.3372894615658,1365.3773710620653,MIA
315974825.10171604,00000000-0000-0000-0000-000000067946,OTHERS,551.7065240145299,1385.3912069147284,MIA
315974825.10171604,00000000-0000-0000-0000-000000067940,OTHERS,577.382534423921,1366.937290272958,MIA
315974825.10171604,00000000-0000-0000-0000-000000067934,OTHERS,580.7978235327288,1384.9718646886836,MIA
315974825.10171604,00000000-0000-0000-0000-000000067916,OTHERS,579.9227834990372,1298.4787552092994,MIA
315974825.19391847,00000000-0000-0000-0000-000000000000,AV,604.1672043798877,1389.6695932145324,MIA
315974825.19391847,00000000-0000-0000-0000-000000067757,OTHERS,600.828040373885,1383.8411616573874,MIA
315974825.19391847,00000000-0000-0000-0000-000000067790,OTHERS,587.8404665637022,1402.0950936642114,MIA
315974825.19391847,00000000-0000-0000-0000-000000067868,OTHERS,580.8709435380252,1267.0771796596687,MIA
315974825.19391847,00000000-0000-0000-0000-000000067891,AGENT,587.034246210838,1383.1716726770264,MIA
315974825.19391847,00000000-0000-0000-0000-000000067955,OTHERS,579.5250785537405,1418.0314169409244,MIA
315974825.19391847,00000000-0000-0000-0000-000000067931,OTHERS,575.1920230194282,1312.9132246061502,MIA
315974825.19391847,00000000-0000-0000-0000-000000067947,OTHERS,547.3184844906972,1380.644628982138,MIA
315974825.19391847,00000000-0000-0000-0000-000000067921,OTHERS,586.38975578442,1365.6752766576149,MIA
315974825.19391847,00000000-0000-0000-0000-000000067946,OTHERS,550.7251132581421,1385.5553600256546,MIA
315974825.19391847,00000000-0000-0000-0000-000000067952,OTHERS,575.8388039609174,1331.2209816095994,MIA
315974825.19391847,00000000-0000-0000-0000-000000067949,OTHERS,580.3782848863359,1446.318154428996,MIA
315974825.19391847,00000000-0000-0000-0000-000000067935,OTHERS,621.0328175242649,1387.2688040847918,MIA
315974825.19391847,00000000-0000-0000-0000-000000067922,OTHERS,579.2204420854073,1314.2926412488996,MIA
315974825.19391847,00000000-0000-0000-0000-000000067940,OTHERS,577.3140628034188,1365.9506746280522,MIA
315974825.19391847,00000000-0000-0000-0000-000000067934,OTHERS,580.6308152374829,1383.638655959359,MIA
315974825.3052345,00000000-0000-0000-0000-000000000000,AV,604.1672284549447,1389.669728534467,MIA
315974825.3052345,00000000-0000-0000-0000-000000067757,OTHERS,600.8266941957958,1383.8481868546858,MIA
315974825.3052345,00000000-0000-0000-0000-000000067868,OTHERS,580.9208875039689,1266.839562776544,MIA
315974825.3052345,00000000-0000-0000-0000-000000067891,AGENT,587.0687016609365,1383.9489360864184,MIA
315974825.3052345,00000000-0000-0000-0000-000000067921,OTHERS,586.3681852060772,1366.8903287219828,MIA
315974825.3052345,00000000-0000-0000-0000-000000067922,OTHERS,579.3175368228308,1314.341230813369,MIA
315974825.3052345,00000000-0000-0000-0000-000000067931,OTHERS,575.2828746577912,1312.6748074637135,MIA
315974825.3052345,00000000-0000-0000-0000-000000067965,OTHERS,651.2041186300086,1388.1293718088214,MIA
315974825.3052345,00000000-0000-0000-0000-000000067947,OTHERS,547.4016160452156,1380.602676843454,MIA
315974825.3052345,00000000-0000-0000-0000-000000067946,OTHERS,549.8876569351503,1385.5178363488608,MIA
315974825.3052345,00000000-0000-0000-0000-000000067790,OTHERS,587.9241839337036,1402.9182434087,MIA
315974825.3052345,00000000-0000-0000-0000-000000067949,OTHERS,580.4720387943589,1445.7048134402335,MIA
315974825.3052345,00000000-0000-0000-0000-000000067935,OTHERS,620.3155390122129,1387.312887291781,MIA
315974825.3052345,00000000-0000-0000-0000-000000067962,OTHERS,578.6447073079762,1400.352694083185,MIA
315974825.3052345,00000000-0000-0000-0000-000000067955,OTHERS,579.6642092910416,1418.1060590906534,MIA
315974825.3052345,00000000-0000-0000-0000-000000067952,OTHERS,575.5685682167951,1331.1048717301608,MIA
315974825.3052345,00000000-0000-0000-0000-000000067940,OTHERS,577.3117253202379,1364.8590894711688,MIA
315974825.3052345,00000000-0000-0000-0000-000000067934,OTHERS,580.6308152374829,1383.638655959359,MIA
315974825.4088079,00000000-0000-0000-0000-000000000000,AV,604.1671826091332,1389.6700812733689,MIA
315974825.4088079,00000000-0000-0000-0000-000000067757,OTHERS,600.8293801157432,1383.8394335427436,MIA
315974825.4088079,00000000-0000-0000-0000-000000067868,OTHERS,581.0085602761212,1266.664560117932,MIA
315974825.4088079,00000000-0000-0000-0000-000000067891,AGENT,587.1291364298586,1384.6878888044064,MIA
315974825.4088079,00000000-0000-0000-0000-000000067921,OTHERS,586.477905019775,1366.6505196258865,MIA
315974825.4088079,00000000-0000-0000-0000-000000067922,OTHERS,579.3930920113213,1314.351881895501,MIA
315974825.4088079,00000000-0000-0000-0000-000000067931,OTHERS,575.3146533812727,1312.7266827841067,MIA
315974825.4088079,00000000-0000-0000-0000-000000067934,OTHERS,580.9269546709446,1378.7033491428333,MIA
315974825.4088079,00000000-0000-0000-0000-000000067935,OTHERS,619.4917872940862,1387.2497480493353,MIA
315974825.4088079,00000000-0000-0000-0000-000000067790,OTHERS,587.9420965282462,1403.8637044219195,MIA
315974825.4088079,00000000-0000-0000-0000-000000067949,OTHERS,580.343787478696,1444.9768095924633,MIA
315974825.4088079,00000000-0000-0000-0000-000000067940,OTHERS,577.3542100505181,1363.8354433556515,MIA
315974825.4088079,00000000-0000-0000-0000-000000067952,OTHERS,575.5685682167951,1331.1048717301608,MIA
315974825.4088079,00000000-0000-0000-0000-000000067946,OTHERS,548.7799346320609,1385.6267851029513,MIA
315974825.4088079,00000000-0000-0000-0000-000000067965,OTHERS,650.0700183562273,1388.3253165462177,MIA
315974825.4088079,00000000-0000-0000-0000-000000067947,OTHERS,547.3539332430256,1380.5097500712286,MIA
315974825.4088079,00000000-0000-0000-0000-000000067962,OTHERS,578.6273614398535,1399.647801811792,MIA
315974825.4088079,00000000-0000-0000-0000-000000067955,OTHERS,579.6642092910416,1418.1060590906534,MIA
315974825.5146649,00000000-0000-0000-0000-000000000000,AV,604.1669319153613,1389.6703633391824,MIA
315974825.5146649,00000000-0000-0000-0000-000000067757,OTHERS,600.8315625914769,1383.8457514401473,MIA
315974825.5146649,00000000-0000-0000-0000-000000067868,OTHERS,580.7013228336498,1266.4480375020892,MIA
315974825.5146649,00000000-0000-0000-0000-000000067891,AGENT,587.1708616858723,1385.4527935603714,MIA
315974825.5146649,00000000-0000-0000-0000-000000067921,OTHERS,586.6499908042023,1367.478308281663,MIA
315974825.5146649,00000000-0000-0000-0000-000000067922,OTHERS,579.3891459212582,1314.3379469733302,MIA
315974825.5146649,00000000-0000-0000-0000-000000067931,OTHERS,575.2687220141612,1312.7724540454362,MIA
315974825.5146649,00000000-0000-0000-0000-000000067965,OTHERS,648.8487919901365,1388.2717896153836,MIA
315974825.5146649,00000000-0000-0000-0000-000000067947,OTHERS,547.3426478094449,1380.5839195672006,MIA
315974825.5146649,00000000-0000-0000-0000-000000067790,OTHERS,587.9627932329117,1404.7650584942471,MIA
315974825.5146649,00000000-0000-0000-0000-000000067949,OTHERS,580.3307952903352,1443.7082399351978,MIA
315974825.5146649,00000000-0000-0000-0000-000000067935,OTHERS,618.8470062114824,1387.1713689608484,MIA
315974825.5146649,00000000-0000-0000-0000-000000067940,OTHERS,577.2591523730647,1363.2320876575568,MIA
315974825.5146649,00000000-0000-0000-0000-000000067952,OTHERS,575.950121676855,1330.8552855290636,MIA
315974825.5146649,00000000-0000-0000-0000-000000067962,OTHERS,578.6023211572717,1398.991928049803,MIA
315974825.5146649,00000000-0000-0000-0000-000000067955,OTHERS,579.6642092910416,1418.1060590906534,MIA
315974825.5146649,00000000-0000-0000-0000-000000067946,OTHERS,548.0999325659006,1385.6126140090005,MIA
315974825.5146649,00000000-0000-0000-0000-000000067934,OTHERS,580.6091855831621,1378.1195462508301,MIA
315974825.61498463,00000000-0000-0000-0000-000000000000,AV,604.1666727757819,1389.6707141565785,MIA
315974825.61498463,00000000-0000-0000-0000-000000067757,OTHERS,600.8181490119943,1383.8586939848249,MIA
315974825.61498463,00000000-0000-0000-0000-000000067868,OTHERS,580.6722632870766,1266.2238253953258,MIA
315974825.61498463,00000000-0000-0000-0000-000000067891,AGENT,587.178731300063,1386.2874855155676,MIA
315974825.61498463,00000000-0000-0000-0000-000000067921,OTHERS,586.7726300457133,1368.4181381686044,MIA
315974825.61498463,00000000-0000-0000-0000-000000067922,OTHERS,579.2941964062388,1314.3668100266866,MIA
315974825.61498463,00000000-0000-0000-0000-000000067931,OTHERS,575.2098799576537,1312.9399926991973,MIA
315974825.61498463,00000000-0000-0000-0000-000000067934,OTHERS,580.5934615504473,1376.7452182953016,MIA
315974825.61498463,00000000-0000-0000-0000-000000067790,OTHERS,588.0026999211514,1405.7364695574795,MIA
315974825.61498463,00000000-0000-0000-0000-000000067949,OTHERS,580.2968564810279,1442.6707664071628,MIA
315974825.61498463,00000000-0000-0000-0000-000000067968,OTHERS,553.8709786952802,1248.6086416641185,MIA
315974825.61498463,00000000-0000-0000-0000-000000067935,OTHERS,618.3149526459391,1387.1741601286456,MIA
315974825.61498463,00000000-0000-0000-0000-000000067952,OTHERS,575.9951748984598,1330.4398289084695,MIA
315974825.61498463,00000000-0000-0000-0000-000000067940,OTHERS,577.0466419347472,1362.4787032409308,MIA
315974825.61498463,00000000-0000-0000-0000-000000067965,OTHERS,648.8487919901365,1388.2717896153836,MIA
315974825.61498463,00000000-0000-0000-0000-000000067947,OTHERS,547.3426478094449,1380.5839195672006,MIA
315974825.61498463,00000000-0000-0000-0000-000000067962,OTHERS,578.6152057935493,1398.4123391291898,MIA
315974825.61498463,00000000-0000-0000-0000-000000067955,OTHERS,579.6642092910416,1418.1060590906534,MIA
315974825.61498463,00000000-0000-0000-0000-000000067946,OTHERS,546.855122437183,1385.7332918736527,MIA
315974825.7101927,00000000-0000-0000-0000-000000000000,AV,604.1665460189814,1389.6710810432323,MIA
315974825.7101927,00000000-0000-0000-0000-000000067790,OTHERS,588.0148729167939,1405.9932026352794,MIA
315974825.7101927,00000000-0000-0000-0000-000000067868,OTHERS,581.0246175473375,1265.985257917583,MIA
315974825.7101927,00000000-0000-0000-0000-000000067891,AGENT,587.2140597110665,1387.075504553267,MIA
315974825.7101927,00000000-0000-0000-0000-000000067921,OTHERS,586.6476296724534,1369.0036636412458,MIA
315974825.7101927,00000000-0000-0000-0000-000000067922,OTHERS,579.3822921808521,1314.3717083230292,MIA
315974825.7101927,00000000-0000-0000-0000-000000067757,OTHERS,600.8539438699058,1383.842964359522,MIA
315974825.7101927,00000000-0000-0000-0000-000000067965,OTHERS,646.4829752350627,1387.790259456843,MIA
315974825.7101927,00000000-0000-0000-0000-000000067947,OTHERS,547.3426478094449,1380.5839195672006,MIA
315974825.7101927,00000000-0000-0000-0000-000000067952,OTHERS,575.5413802749265,1330.7000401847513,MIA
315974825.7101927,00000000-0000-0000-0000-000000067940,OTHERS,576.8812572781836,1361.677699824127,MIA
315974825.7101927,00000000-0000-0000-0000-000000067962,OTHERS,578.5590319376153,1397.7171411209886,MIA
315974825.7101927,00000000-0000-0000-0000-000000067931,OTHERS,575.3280906695862,1312.6567470535479,MIA
315974825.7101927,00000000-0000-0000-0000-000000067949,OTHERS,580.2463102509329,1441.5979494957676,MIA
315974825.7101927,00000000-0000-0000-0000-000000067968,OTHERS,553.8709786952802,1248.6086416641185,MIA
315974825.7101927,00000000-0000-0000-0000-000000067935,OTHERS,617.7599589772088,1387.157618207338,MIA
315974825.7101927,00000000-0000-0000-0000-000000067946,OTHERS,545.9715136070137,1385.6280590665988,MIA
315974825.7101927,00000000-0000-0000-0000-000000067934,OTHERS,580.5811944271594,1375.1589330370396,MIA
315974825.806204,00000000-0000-0000-0000-000000000000,AV,604.1666055273428,1389.670852576712,MIA
315974825.806204,00000000-0000-0000-0000-000000067790,OTHERS,587.9902728317683,1406.586501833302,MIA
315974825.806204,00000000-0000-0000-0000-000000067868,OTHERS,581.0643030372239,1265.7409165330455,MIA
315974825.806204,00000000-0000-0000-0000-000000067891,AGENT,587.2757884093799,1387.937133184283,MIA
315974825.806204,00000000-0000-0000-0000-000000067921,OTHERS,586.6992365677609,1369.6646583590475,MIA
315974825.806204,00000000-0000-0000-0000-000000067922,OTHERS,579.4055364411107,1314.320902890432,MIA
315974825.806204,00000000-0000-0000-0000-000000067965,OTHERS,646.2088413861727,1388.0804736864707,MIA
315974825.806204,00000000-0000-0000-0000-000000067947,OTHERS,547.3426478094449,1380.5839195672006,MIA
315974825.806204,00000000-0000-0000-0000-000000067962,OTHERS,578.5376270419937,1397.1413989722232,MIA
315974825.806204,00000000-0000-0000-0000-000000067931,OTHERS,575.408334767572,1312.6472256871527,MIA
315974825.806204,00000000-0000-0000-0000-000000067952,OTHERS,575.7419224983263,1330.3258973264944,MIA
315974825.806204,00000000-0000-0000-0000-000000067949,OTHERS,580.1683969680355,1440.3756851435583,MIA
315974825.806204,00000000-0000-0000-0000-000000067968,OTHERS,553.769850236665,1248.6871088159742,MIA
315974825.806204,00000000-0000-0000-0000-000000067935,OTHERS,617.0202209076955,1387.0603395138214,MIA
315974825.806204,00000000-0000-0000-0000-000000067946,OTHERS,545.9715136070137,1385.6280590665988,MIA
315974825.806204,00000000-0000-0000-0000-000000067940,OTHERS,576.4546466822129,1360.537394047504,MIA
315974825.806204,00000000-0000-0000-0000-000000067934,OTHERS,580.4646780528184,1373.5893454336506,MIA
315974825.806204,00000000-0000-0000-0000-000000067757,OTHERS,600.8130047183507,1383.8754618971939,MIA
315974825.90945554,00000000-0000-0000-0000-000000000000,AV,604.1663210744792,1389.6710571499225,MIA
315974825.90945554,00000000-0000-0000-0000-000000067790,OTHERS,588.008431499613,1406.887528977728,MIA
315974825.90945554,00000000-0000-0000-0000-000000067868,OTHERS,581.0701188985993,1265.5134735181605,MIA
315974825.90945554,00000000-0000-0000-0000-000000067891,AGENT,587.3799359773046,1388.7413089471868,MIA
315974825.90945554,00000000-0000-0000-0000-000000067962,OTHERS,578.4774943718116,1396.5471486832917,MIA
315974825.90945554,00000000-0000-0000-0000-000000067931,OTHERS,575.2586273567149,1312.6164532134478,MIA
315974825.90945554,00000000-0000-0000-0000-000000067965,OTHERS,645.1743933204284,1388.0241249651365,MIA
315974825.90945554,00000000-0000-0000-0000-000000067974,OTHERS,580.7983666927615,1274.3664378140168,MIA
315974825.90945554,00000000-0000-0000-0000-000000067921,OTHERS,586.7616402807115,1370.164613315489,MIA
315974825.90945554,00000000-0000-0000-0000-000000067952,OTHERS,575.7419224983263,1330.3258973264944,MIA
315974825.90945554,00000000-0000-0000-0000-000000067949,OTHERS,580.2869093059113,1439.4127715023826,MIA
315974825.90945554,00000000-0000-0000-0000-000000067968,OTHERS,553.4358714777421,1248.7033139024745,MIA
315974825.90945554,00000000-0000-0000-0000-000000067935,OTHERS,616.4770352277231,1387.0766880228048,MIA
315974825.90945554,00000000-0000-0000-0000-000000067922,OTHERS,579.3251707977441,1314.4316314438272,MIA
315974825.90945554,00000000-0000-0000-0000-000000067946,OTHERS,545.9715136070137,1385.6280590665988,MIA
315974825.90945554,00000000-0000-0000-0000-000000067940,OTHERS,576.4546466822129,1360.537394047504,MIA
315974825.90945554,00000000-0000-0000-0000-000000067934,OTHERS,580.4530710701997,1372.0794692780587,MIA
315974825.90945554,00000000-0000-0000-0000-000000067757,OTHERS,600.8086053533939,1383.8701677679041,MIA
315974826.0127908,00000000-0000-0000-0000-000000000000,AV,604.1665490263606,1389.6710762790487,MIA
315974826.0127908,00000000-0000-0000-0000-000000067790,OTHERS,588.0279414087903,1407.5110419625787,MIA
315974826.0127908,00000000-0000-0000-0000-000000067868,OTHERS,581.2447764525358,1265.301655392785,MIA
315974826.0127908,00000000-0000-0000-0000-000000067891,AGENT,587.4286995926302,1389.4782963457262,MIA
315974826.0127908,00000000-0000-0000-0000-000000067921,OTHERS,586.8084267837612,1370.9763969774824,MIA
315974826.0127908,00000000-0000-0000-0000-000000067962,OTHERS,578.4409189396895,1395.9859182703842,MIA
315974826.0127908,00000000-0000-0000-0000-000000067931,OTHERS,575.2910035195365,1312.7137733602435,MIA
315974826.0127908,00000000-0000-0000-0000-000000067965,OTHERS,644.2485387457938,1387.979475671452,MIA
315974826.0127908,00000000-0000-0000-0000-000000067974,OTHERS,580.7983666927615,1274.3664378140168,MIA
315974826.0127908,00000000-0000-0000-0000-000000067952,OTHERS,575.7419224983263,1330.3258973264944,MIA
315974826.0127908,00000000-0000-0000-0000-000000067949,OTHERS,580.3949348450793,1438.5324689417002,MIA
315974826.0127908,00000000-0000-0000-0000-000000067968,OTHERS,553.4358714777421,1248.7033139024745,MIA
315974826.0127908,00000000-0000-0000-0000-000000067935,OTHERS,615.8741107019124,1387.0498417350693,MIA
315974826.0127908,00000000-0000-0000-0000-000000067922,OTHERS,579.3576619912944,1314.3665453467345,MIA
315974826.0127908,00000000-0000-0000-0000-000000067946,OTHERS,545.9715136070137,1385.6280590665988,MIA
315974826.0127908,00000000-0000-0000-0000-000000067940,OTHERS,576.4546466822129,1360.537394047504,MIA
315974826.0127908,00000000-0000-0000-0000-000000067934,OTHERS,580.3671951884089,1370.5979902157123,MIA
315974826.0127908,00000000-0000-0000-0000-000000067757,OTHERS,600.8325550945442,1383.837213271954,MIA
315974826.10338885,00000000-0000-0000-0000-000000000000,AV,604.1666409426371,1389.6707496897693,MIA
315974826.10338885,00000000-0000-0000-0000-000000067790,OTHERS,587.9725373372586,1408.1608969357474,MIA
315974826.10338885,00000000-0000-0000-0000-000000067868,OTHERS,580.9907205576243,1265.020585098337,MIA
315974826.10338885,00000000-0000-0000-0000-000000067891,AGENT,587.6016910306155,1390.4599540809436,MIA
315974826.10338885,00000000-0000-0000-0000-000000067921,OTHERS,586.7873064751221,1371.821183525308,MIA
315974826.10338885,00000000-0000-0000-0000-000000067922,OTHERS,579.3012152276509,1314.361362575186,MIA
315974826.10338885,00000000-0000-0000-0000-000000067974,OTHERS,580.7983666927615,1274.3664378140168,MIA
315974826.10338885,00000000-0000-0000-0000-000000067965,OTHERS,643.3754355232538,1387.8583640410293,MIA
315974826.10338885,00000000-0000-0000-0000-000000067962,OTHERS,578.3714469618108,1395.8176464017236,MIA
315974826.10338885,00000000-0000-0000-0000-000000067931,OTHERS,575.2412858824148,1312.706189123251,MIA
315974826.10338885,00000000-0000-0000-0000-000000067952,OTHERS,575.813480034075,1330.0439596527006,MIA
315974826.10338885,00000000-0000-0000-0000-000000067949,OTHERS,580.5031025015662,1437.613901427131,MIA
315974826.10338885,00000000-0000-0000-0000-000000067968,OTHERS,553.4397715939776,1248.6811272678074,MIA
315974826.10338885,00000000-0000-0000-0000-000000067935,OTHERS,615.2596120861513,1387.007912528792,MIA
315974826.10338885,00000000-0000-0000-0000-000000067940,OTHERS,576.4546466822129,1360.537394047504,MIA
315974826.10338885,00000000-0000-0000-0000-000000067934,OTHERS,580.3085046803652,1369.3582943244105,MIA
315974826.10338885,00000000-0000-0000-0000-000000067757,OTHERS,600.8084903511956,1383.8672778979221,MIA
315974826.20242846,00000000-0000-0000-0000-000000000000,AV,604.1668756991802,1389.6706012172924,MIA
315974826.20242846,00000000-0000-0000-0000-000000067790,OTHERS,587.8820155434054,1408.726413757807,MIA
315974826.20242846,00000000-0000-0000-0000-000000067868,OTHERS,581.3518381913982,1264.8572090081884,MIA
315974826.20242846,00000000-0000-0000-0000-000000067891,AGENT,587.5247852563847,1391.1564044821744,MIA
315974826.20242846,00000000-0000-0000-0000-000000067921,OTHERS,586.8365306973775,1372.4600955041392,MIA
315974826.20242846,00000000-0000-0000-0000-000000067922,OTHERS,579.3389634722535,1314.3637783326594,MIA
315974826.20242846,00000000-0000-0000-0000-000000067757,OTHERS,600.8260576394817,1383.8431714506805,MIA
315974826.20242846,00000000-0000-0000-0000-000000067931,OTHERS,575.2922146815102,1312.7099872692893,MIA
315974826.20242846,00000000-0000-0000-0000-000000067976,OTHERS,547.289288816946,1380.6120926538795,MIA
315974826.20242846,00000000-0000-0000-0000-000000067962,OTHERS,578.3405092493778,1395.6335391720029,MIA
315974826.20242846,00000000-0000-0000-0000-000000067974,OTHERS,580.7983666927615,1274.3664378140168,MIA
315974826.20242846,00000000-0000-0000-0000-000000067965,OTHERS,642.1966198610554,1388.0211770261255,MIA
315974826.20242846,00000000-0000-0000-0000-000000067952,OTHERS,576.0063325845738,1329.7915128113902,MIA
315974826.20242846,00000000-0000-0000-0000-000000067949,OTHERS,580.5689621335691,1437.0620418760782,MIA
315974826.20242846,00000000-0000-0000-0000-000000067968,OTHERS,553.4397715939776,1248.6811272678074,MIA
315974826.20242846,00000000-0000-0000-0000-000000067935,OTHERS,614.6755645512312,1386.9733089886402,MIA
315974826.20242846,00000000-0000-0000-0000-000000067934,OTHERS,580.0774054331728,1368.4074368678912,MIA
315974826.2999482,00000000-0000-0000-0000-000000000000,AV,604.1667847923237,1389.6708012557847,MIA
315974826.2999482,00000000-0000-0000-0000-000000067790,OTHERS,587.6751060932309,1409.4031796500556,MIA
315974826.2999482,00000000-0000-0000-0000-000000067868,OTHERS,581.2593526674476,1264.5633585449775,MIA
315974826.2999482,00000000-0000-0000-0000-000000067921,OTHERS,586.8956669282186,1373.0694515166274,MIA
315974826.2999482,00000000-0000-0000-0000-000000067922,OTHERS,579.4015511035186,1314.3448760903145,MIA
315974826.2999482,00000000-0000-0000-0000-000000067757,OTHERS,600.8053483166118,1383.870911945922,MIA
315974826.2999482,00000000-0000-0000-0000-000000067973,OTHERS,578.9829824363758,1407.0749635031061,MIA
315974826.2999482,00000000-0000-0000-0000-000000067931,OTHERS,575.1556646239844,1312.8999250515662,MIA
315974826.2999482,00000000-0000-0000-0000-000000067891,AGENT,587.5329269046889,1392.092567941832,MIA
315974826.2999482,00000000-0000-0000-0000-000000067976,OTHERS,547.3203434345148,1380.6640577398146,MIA
315974826.2999482,00000000-0000-0000-0000-000000067962,OTHERS,578.2249362506293,1395.484019234614,MIA
315974826.2999482,00000000-0000-0000-0000-000000067965,OTHERS,641.1657113318656,1387.8520253549734,MIA
315974826.2999482,00000000-0000-0000-0000-000000067952,OTHERS,575.8030812973429,1329.948652816786,MIA
315974826.2999482,00000000-0000-0000-0000-000000067949,OTHERS,580.293271557575,1435.306534758855,MIA
315974826.2999482,00000000-0000-0000-0000-000000067968,OTHERS,553.5635094655742,1248.6629381651248,MIA
315974826.2999482,00000000-0000-0000-0000-000000067935,OTHERS,614.1921111405011,1386.9547150699564,MIA
315974826.2999482,00000000-0000-0000-0000-000000067934,OTHERS,580.0774054331728,1368.4074368678912,MIA
315974826.40306324,00000000-0000-0000-0000-000000000000,AV,604.1668650384244,1389.6705549966055,MIA
315974826.40306324,00000000-0000-0000-0000-000000067790,OTHERS,587.4905539812669,1410.3117693056256,MIA
315974826.40306324,00000000-0000-0000-0000-000000067868,OTHERS,581.0407204896045,1264.4879121912386,MIA
315974826.40306324,00000000-0000-0000-0000-000000067921,OTHERS,586.8781789346946,1373.8124503770994,MIA
315974826.40306324,00000000-0000-0000-0000-000000067922,OTHERS,579.3619137763377,1314.3633159794522,MIA
315974826.40306324,00000000-0000-0000-0000-000000067757,OTHERS,600.8155420830066,1383.8603331498025,MIA
315974826.40306324,00000000-0000-0000-0000-000000067973,OTHERS,578.9436265328027,1406.0041520348507,MIA
315974826.40306324,00000000-0000-0000-0000-000000067891,AGENT,587.5612508256438,1392.8173458118833,MIA
315974826.40306324,00000000-0000-0000-0000-000000067931,OTHERS,575.2488074675186,1312.853801801118,MIA
315974826.40306324,00000000-0000-0000-0000-000000067980,OTHERS,538.9566956395723,1385.8948847608954,MIA
315974826.40306324,00000000-0000-0000-0000-000000067976,OTHERS,547.4048848532614,1380.6482135296942,MIA
315974826.40306324,00000000-0000-0000-0000-000000067982,OTHERS,577.3238406374929,1354.6131363644224,MIA
315974826.40306324,00000000-0000-0000-0000-000000067965,OTHERS,639.8470516496774,1387.8672556244132,MIA
315974826.40306324,00000000-0000-0000-0000-000000067962,OTHERS,578.0496879009736,1391.6281141797524,MIA
315974826.40306324,00000000-0000-0000-0000-000000067952,OTHERS,575.8030812973429,1329.948652816786,MIA
315974826.40306324,00000000-0000-0000-0000-000000067949,OTHERS,580.5558760574818,1436.2031728760485,MIA
315974826.40306324,00000000-0000-0000-0000-000000067968,OTHERS,553.5635094655742,1248.6629381651248,MIA
315974826.40306324,00000000-0000-0000-0000-000000067935,OTHERS,613.6262454639927,1386.97817781233,MIA
315974826.40306324,00000000-0000-0000-0000-000000067934,OTHERS,580.6446952352633,1362.3498345289686,MIA
315974826.5053375,00000000-0000-0000-0000-000000000000,AV,604.1668561827157,1389.670338849935,MIA
315974826.5053375,00000000-0000-0000-0000-000000067790,OTHERS,587.1977799089509,1411.2287590451804,MIA
315974826.5053375,00000000-0000-0000-0000-000000067868,OTHERS,581.3742605815249,1264.2029650489294,MIA
315974826.5053375,00000000-0000-0000-0000-000000067921,OTHERS,586.8820256154025,1374.5266999230305,MIA
315974826.5053375,00000000-0000-0000-0000-000000067922,OTHERS,579.4123156375493,1314.3918172739207,MIA
315974826.5053375,00000000-0000-0000-0000-000000067982,OTHERS,577.0591964988079,1353.947421133461,MIA
315974826.5053375,00000000-0000-0000-0000-000000067891,AGENT,587.572161625343,1393.6292481927908,MIA
315974826.5053375,00000000-0000-0000-0000-000000067965,OTHERS,638.973411055654,1387.9513901206726,MIA
315974826.5053375,00000000-0000-0000-0000-000000067962,OTHERS,578.1114569152401,1392.1134317206836,MIA
315974826.5053375,00000000-0000-0000-0000-000000067985,OTHERS,576.1553538303017,1288.9311097211564,MIA
315974826.5053375,00000000-0000-0000-0000-000000067931,OTHERS,575.1778767215003,1312.7960935896267,MIA
315974826.5053375,00000000-0000-0000-0000-000000067952,OTHERS,575.8030812973429,1329.948652816786,MIA
315974826.5053375,00000000-0000-0000-0000-000000067949,OTHERS,580.5558760574818,1436.2031728760485,MIA
315974826.5053375,00000000-0000-0000-0000-000000067968,OTHERS,553.5343409950183,1248.647538121264,MIA
315974826.5053375,00000000-0000-0000-0000-000000067935,OTHERS,613.1463197080194,1386.9225777038478,MIA
315974826.5053375,00000000-0000-0000-0000-000000067934,OTHERS,580.4573140205513,1362.543813382611,MIA
315974826.5053375,00000000-0000-0000-0000-000000067976,OTHERS,547.3021903306557,1380.5775449261318,MIA
315974826.5053375,00000000-0000-0000-0000-000000067980,OTHERS,538.0170567124196,1385.7971949783605,MIA
315974826.5053375,00000000-0000-0000-0000-000000067757,OTHERS,600.7869514534311,1383.808826815189,MIA
315974826.5053375,00000000-0000-0000-0000-000000067973,OTHERS,578.9123637802853,1405.40240388529,MIA
315974826.6075515,00000000-0000-0000-0000-000000000000,AV,604.1667018763865,1389.6703847385932,MIA
315974826.6075515,00000000-0000-0000-0000-000000067790,OTHERS,589.1889453608977,1414.8159087982376,MIA
315974826.6075515,00000000-0000-0000-0000-000000067868,OTHERS,581.1973894205253,1263.9991901815974,MIA
315974826.6075515,00000000-0000-0000-0000-000000067921,OTHERS,586.9663198111188,1375.1840554124158,MIA
315974826.6075515,00000000-0000-0000-0000-000000067922,OTHERS,579.4231055931573,1314.348928801438,MIA
315974826.6075515,00000000-0000-0000-0000-000000067757,OTHERS,600.8153683886786,1383.8358084964013,MIA
315974826.6075515,00000000-0000-0000-0000-000000067973,OTHERS,578.9132558727691,1404.6125238648458,MIA
315974826.6075515,00000000-0000-0000-0000-000000067982,OTHERS,576.9714015116522,1353.1539353892267,MIA
315974826.6075515,00000000-0000-0000-0000-000000067891,AGENT,587.6188092429817,1394.4719987707379,MIA
315974826.6075515,00000000-0000-0000-0000-000000067965,OTHERS,638.350964030477,1387.7940396988013,MIA
315974826.6075515,00000000-0000-0000-0000-000000067962,OTHERS,577.7043380525482,1392.6942764318587,MIA
315974826.6075515,00000000-0000-0000-0000-000000067985,OTHERS,576.1164481636957,1288.5363584705053,MIA
315974826.6075515,00000000-0000-0000-0000-000000067931,OTHERS,575.1527591467064,1312.8247551384065,MIA
315974826.6075515,00000000-0000-0000-0000-000000067952,OTHERS,575.9024569328835,1329.604976130375,MIA
315974826.6075515,00000000-0000-0000-0000-000000067949,OTHERS,580.5558760574818,1436.2031728760485,MIA
315974826.6075515,00000000-0000-0000-0000-000000067968,OTHERS,553.5343409950183,1248.647538121264,MIA
315974826.6075515,00000000-0000-0000-0000-000000067935,OTHERS,612.6815102309682,1386.9386432434162,MIA
315974826.6075515,00000000-0000-0000-0000-000000067934,OTHERS,580.1659309670573,1362.1907173007805,MIA
315974826.6075515,00000000-0000-0000-0000-000000067976,OTHERS,547.3244228320883,1380.605568526728,MIA
315974826.6075515,00000000-0000-0000-0000-000000067980,OTHERS,537.0106466227327,1385.7748806653906,MIA
315974826.707537,00000000-0000-0000-0000-000000000000,AV,604.1665542136883,1389.6699301417746,MIA
315974826.707537,00000000-0000-0000-0000-000000067790,OTHERS,589.1974748040756,1414.8860569641195,MIA
315974826.707537,00000000-0000-0000-0000-000000067868,OTHERS,581.3358300544049,1263.7241252869267,MIA
315974826.707537,00000000-0000-0000-0000-000000067891,AGENT,587.6250523740507,1395.3267338415967,MIA
315974826.707537,00000000-0000-0000-0000-000000067921,OTHERS,586.9802488435693,1375.8138962969247,MIA
315974826.707537,00000000-0000-0000-0000-000000067922,OTHERS,579.3805459340913,1314.396217984994,MIA
315974826.707537,00000000-0000-0000-0000-000000067757,OTHERS,600.8344558545814,1383.8696684691995,MIA
315974826.707537,00000000-0000-0000-0000-000000067973,OTHERS,578.9091978511248,1404.1059380251154,MIA
315974826.707537,00000000-0000-0000-0000-000000067982,OTHERS,576.7462170716567,1352.1508955575769,MIA
315974826.707537,00000000-0000-0000-0000-000000067952,OTHERS,575.9024569328835,1329.604976130375,MIA
315974826.707537,00000000-0000-0000-0000-000000067965,OTHERS,637.0350507107655,1387.8035907020926,MIA
315974826.707537,00000000-0000-0000-0000-000000067962,OTHERS,577.7225777212316,1392.7956121159455,MIA
315974826.707537,00000000-0000-0000-0000-000000067985,OTHERS,575.9349921747796,1288.438445749842,MIA
315974826.707537,00000000-0000-0000-0000-000000067931,OTHERS,575.3099032955918,1312.593652368628,MIA
315974826.707537,00000000-0000-0000-0000-000000067983,OTHERS,589.2034188428689,1418.5750458441278,MIA
315974826.707537,00000000-0000-0000-0000-000000067949,OTHERS,580.5558760574818,1436.2031728760485,MIA
315974826.707537,00000000-0000-0000-0000-000000067968,OTHERS,553.5343409950183,1248.647538121264,MIA
315974826.707537,00000000-0000-0000-0000-000000067935,OTHERS,612.0787432028735,1386.923463329386,MIA
315974826.707537,00000000-0000-0000-0000-000000067934,OTHERS,580.03003302734,1360.3183702454533,MIA
315974826.707537,00000000-0000-0000-0000-000000067976,OTHERS,547.368411969207,1380.5406060800335,MIA
315974826.707537,00000000-0000-0000-0000-000000067980,OTHERS,536.0665164235799,1385.621700033621,MIA
315974826.80792487,00000000-0000-0000-0000-000000000000,AV,604.166567936003,1389.6698358536853,MIA
315974826.80792487,00000000-0000-0000-0000-000000067790,OTHERS,589.1005332518284,1414.869981517832,MIA
315974826.80792487,00000000-0000-0000-0000-000000067868,OTHERS,581.294441730273,1263.4863255022756,MIA
315974826.80792487,00000000-0000-0000-0000-000000067891,AGENT,587.6747357418577,1396.2110120875118,MIA
315974826.80792487,00000000-0000-0000-0000-000000067921,OTHERS,587.0110752640935,1376.604030717892,MIA
315974826.80792487,00000000-0000-0000-0000-000000067922,OTHERS,579.3003986505696,1314.3370646391757,MIA
315974826.80792487,00000000-0000-0000-0000-000000067982,OTHERS,576.9166992458976,1351.371530493667,MIA
315974826.80792487,00000000-0000-0000-0000-000000067952,OTHERS,575.9024569328835,1329.604976130375,MIA
315974826.80792487,00000000-0000-0000-0000-000000067983,OTHERS,589.2360423998288,1419.1814013767373,MIA
315974826.80792487,00000000-0000-0000-0000-000000067965,OTHERS,636.2996631234213,1387.7347855505554,MIA
315974826.80792487,00000000-0000-0000-0000-000000067962,OTHERS,577.557099004447,1392.3656371178115,MIA
315974826.80792487,00000000-0000-0000-0000-000000067985,OTHERS,575.9534565367825,1287.964691103251,MIA
315974826.80792487,00000000-0000-0000-0000-000000067931,OTHERS,575.3062010114521,1312.744352516874,MIA
315974826.80792487,00000000-0000-0000-0000-000000067757,OTHERS,600.8371441259767,1383.8260008528025,MIA
315974826.80792487,00000000-0000-0000-0000-000000067973,OTHERS,578.7355508790805,1403.8235712911892,MIA
315974826.80792487,00000000-0000-0000-0000-000000067968,OTHERS,553.5343409950183,1248.647538121264,MIA
315974826.80792487,00000000-0000-0000-0000-000000067935,OTHERS,611.6364089936376,1386.8905806555524,MIA
315974826.80792487,00000000-0000-0000-0000-000000067934,OTHERS,579.9642918722773,1358.8674518729672,MIA
315974826.80792487,00000000-0000-0000-0000-000000067976,OTHERS,547.4095526007466,1380.4533275409622,MIA
315974826.80792487,00000000-0000-0000-0000-000000067980,OTHERS,534.9711174510352,1385.744957994549,MIA
315974826.9139899,00000000-0000-0000-0000-000000000000,AV,604.1663559140462,1389.6696075593106,MIA
315974826.9139899,00000000-0000-0000-0000-000000067790,OTHERS,588.9091245889173,1415.3416684201457,MIA
315974826.9139899,00000000-0000-0000-0000-000000067868,OTHERS,580.9814211019914,1263.2811386955054,MIA
315974826.9139899,00000000-0000-0000-0000-000000067891,AGENT,587.6808180655363,1397.0307633821524,MIA
315974826.9139899,00000000-0000-0000-0000-000000067921,OTHERS,587.0570974861505,1377.4239803278424,MIA
315974826.9139899,00000000-0000-0000-0000-000000067982,OTHERS,576.7468878086585,1350.468167301466,MIA
315974826.9139899,00000000-0000-0000-0000-000000067983,OTHERS,589.2628043884641,1419.6849651709556,MIA
315974826.9139899,00000000-0000-0000-0000-000000067987,OTHERS,579.5795928482935,1294.592595469571,MIA
315974826.9139899,00000000-0000-0000-0000-000000067952,OTHERS,575.9024569328835,1329.604976130375,MIA
315974826.9139899,00000000-0000-0000-0000-000000067962,OTHERS,577.4023399361772,1392.0965390496149,MIA
315974826.9139899,00000000-0000-0000-0000-000000067931,OTHERS,575.1668639893115,1312.6170897392822,MIA
315974826.9139899,00000000-0000-0000-0000-000000067985,OTHERS,576.0232800053296,1287.1261067234614,MIA
315974826.9139899,00000000-0000-0000-0000-000000067965,OTHERS,635.4132543103312,1387.7292909364614,MIA
315974826.9139899,00000000-0000-0000-0000-000000067757,OTHERS,600.8146490204767,1383.8504281757544,MIA
315974826.9139899,00000000-0000-0000-0000-000000067973,OTHERS,578.601801461027,1403.970406492261,MIA
315974826.9139899,00000000-0000-0000-0000-000000067935,OTHERS,611.1802163777377,1386.823603119819,MIA
315974826.9139899,00000000-0000-0000-0000-000000067922,OTHERS,579.4259103324009,1314.3096969163987,MIA
315974826.9139899,00000000-0000-0000-0000-000000067934,OTHERS,580.1689061482285,1357.0776330600322,MIA
315974826.9139899,00000000-0000-0000-0000-000000067976,OTHERS,547.3125167564123,1380.5636539683926,MIA
315974826.9139899,00000000-0000-0000-0000-000000067980,OTHERS,533.991376836307,1385.7195062320272,MIA
315974827.0147593,00000000-0000-0000-0000-000000000000,AV,604.1662021762494,1389.669316618464,MIA
315974827.0147593,00000000-0000-0000-0000-000000067790,OTHERS,588.5591096325202,1415.9325673463047,MIA
315974827.0147593,00000000-0000-0000-0000-000000067868,OTHERS,581.168625882795,1262.9981852391745,MIA
315974827.0147593,00000000-0000-0000-0000-000000067891,AGENT,587.7036258534305,1397.8742711510965,MIA
315974827.0147593,00000000-0000-0000-0000-000000067988,OTHERS,467.96267348350807,1377.3118814047198,MIA
315974827.0147593,00000000-0000-0000-0000-000000067921,OTHERS,587.0917111874755,1378.0641440671016,MIA
315974827.0147593,00000000-0000-0000-0000-000000067922,OTHERS,579.3495735647604,1314.2813109878425,MIA
315974827.0147593,00000000-0000-0000-0000-000000067987,OTHERS,579.4922616587372,1294.344499735689,MIA
315974827.0147593,00000000-0000-0000-0000-000000067962,OTHERS,577.561287437573,1391.913015183454,MIA
315974827.0147593,00000000-0000-0000-0000-000000067985,OTHERS,575.8736583672671,1286.9660265264356,MIA
315974827.0147593,00000000-0000-0000-0000-000000067931,OTHERS,575.3114152505283,1312.3947817007588,MIA
315974827.0147593,00000000-0000-0000-0000-000000067983,OTHERS,589.2955050932278,1420.2415984449785,MIA
315974827.0147593,00000000-0000-0000-0000-000000067982,OTHERS,576.7468878086585,1350.468167301466,MIA
315974827.0147593,00000000-0000-0000-0000-000000067965,OTHERS,634.4886873756483,1387.660277251858,MIA
315974827.0147593,00000000-0000-0000-0000-000000067935,OTHERS,610.7139213577733,1386.8280100745214,MIA
315974827.0147593,00000000-0000-0000-0000-000000067934,OTHERS,579.9164192127106,1356.4102056643565,MIA
315974827.0147593,00000000-0000-0000-0000-000000067976,OTHERS,547.2950702035331,1380.7041766397806,MIA
315974827.0147593,00000000-0000-0000-0000-000000067980,OTHERS,532.9648147357499,1385.6951883032157,MIA
315974827.0147593,00000000-0000-0000-0000-000000067757,OTHERS,600.7853163758591,1383.835389997944,MIA
315974827.0147593,00000000-0000-0000-0000-000000067973,OTHERS,578.601801461027,1403.970406492261,MIA
315974827.12090594,00000000-0000-0000-0000-000000000000,AV,604.1661065726048,1389.6692509071686,MIA
315974827.12090594,00000000-0000-0000-0000-000000067790,OTHERS,588.5836689902591,1418.9858871511356,MIA
315974827.12090594,00000000-0000-0000-0000-000000067868,OTHERS,581.209799429518,1262.7417185184695,MIA
315974827.12090594,00000000-0000-0000-0000-000000067891,AGENT,587.7774580354072,1398.5059135269312,MIA
315974827.12090594,00000000-0000-0000-0000-000000067988,OTHERS,467.96267348350807,1377.3118814047198,MIA
315974827.12090594,00000000-0000-0000-0000-000000067921,OTHERS,587.206786176061,1379.0401900544973,MIA
315974827.12090594,00000000-0000-0000-0000-000000067922,OTHERS,579.4001797381311,1314.3977675068274,MIA
315974827.12090594,00000000-0000-0000-0000-000000067987,OTHERS,579.4922616587372,1294.344499735689,MIA
315974827.12090594,00000000-0000-0000-0000-000000067962,OTHERS,577.3054281772586,1391.6069380740146,MIA
315974827.12090594,00000000-0000-0000-0000-000000067985,OTHERS,575.8959369928507,1286.4037310281815,MIA
315974827.12090594,00000000-0000-0000-0000-000000067931,OTHERS,575.3952353029723,1312.204074523759,MIA
315974827.12090594,00000000-0000-0000-0000-000000067983,OTHERS,589.3564767772094,1421.7906180072464,MIA
315974827.12090594,00000000-0000-0000-0000-000000067982,OTHERS,576.7468878086585,1350.468167301466,MIA
315974827.12090594,00000000-0000-0000-0000-000000067992,OTHERS,575.6931320706702,1329.0541968222508,MIA
315974827.12090594,00000000-0000-0000-0000-000000067965,OTHERS,633.6480373215253,1387.6316520541675,MIA
315974827.12090594,00000000-0000-0000-0000-000000067935,OTHERS,610.3551553562609,1386.8022918651604,MIA
315974827.12090594,00000000-0000-0000-0000-000000067934,OTHERS,579.8577058535436,1355.3224276257545,MIA
315974827.12090594,00000000-0000-0000-0000-000000067976,OTHERS,547.3788335799152,1380.6172614459208,MIA
315974827.12090594,00000000-0000-0000-0000-000000067980,OTHERS,531.8924076988031,1385.9080579504614,MIA
315974827.12090594,00000000-0000-0000-0000-000000067757,OTHERS,600.8451349515129,1383.8712777352357,MIA
315974827.12090594,00000000-0000-0000-0000-000000067973,OTHERS,578.6368789692344,1400.051251929442,MIA
315974827.22285736,00000000-0000-0000-0000-000000000000,AV,604.1658588109212,1389.6693435408042,MIA
315974827.22285736,00000000-0000-0000-0000-000000067790,OTHERS,588.5184126796562,1419.9081968804323,MIA
315974827.22285736,00000000-0000-0000-0000-000000067868,OTHERS,581.209799429518,1262.7417185184695,MIA
315974827.22285736,00000000-0000-0000-0000-000000067891,AGENT,587.9159094025164,1399.1871889631898,MIA
315974827.22285736,00000000-0000-0000-0000-000000067988,OTHERS,467.96337902117364,1377.3422961443866,MIA
315974827.22285736,00000000-0000-0000-0000-000000067921,OTHERS,587.1983458069201,1379.6965302791996,MIA
315974827.22285736,00000000-0000-0000-0000-000000067922,OTHERS,579.1694661206335,1314.4115206934766,MIA
315974827.22285736,00000000-0000-0000-0000-000000067757,OTHERS,600.8304364150978,1383.863872890581,MIA
315974827.22285736,00000000-0000-0000-0000-000000067973,OTHERS,578.4615543295077,1400.6511689702756,MIA
315974827.22285736,00000000-0000-0000-0000-000000067985,OTHERS,575.6370475605353,1285.9091419308909,MIA
315974827.22285736,00000000-0000-0000-0000-000000067931,OTHERS,575.2468829296922,1312.1545359603695,MIA
315974827.22285736,00000000-0000-0000-0000-000000067983,OTHERS,589.3652544434552,1422.7794037979056,MIA
315974827.22285736,00000000-0000-0000-0000-000000067987,OTHERS,579.6871580169549,1293.6009982415235,MIA
315974827.22285736,00000000-0000-0000-0000-000000067980,OTHERS,530.8885473204252,1385.9039252752955,MIA
315974827.22285736,00000000-0000-0000-0000-000000067976,OTHERS,547.29674174556,1380.642069973385,MIA
315974827.22285736,00000000-0000-0000-0000-000000067982,OTHERS,576.7468878086585,1350.468167301466,MIA
315974827.22285736,00000000-0000-0000-0000-000000067992,OTHERS,575.4368038448861,1329.2073121643953,MIA
315974827.22285736,00000000-0000-0000-0000-000000067965,OTHERS,632.8908989478483,1387.6540855589526,MIA
315974827.22285736,00000000-0000-0000-0000-000000067962,OTHERS,577.1018192105165,1391.3126908186573,MIA
315974827.22285736,00000000-0000-0000-0000-000000067935,OTHERS,609.8834030522576,1386.7976937445444,MIA
315974827.22285736,00000000-0000-0000-0000-000000067934,OTHERS,579.6304873841835,1354.6778198056522,MIA
315974827.31790185,00000000-0000-0000-0000-000000000000,AV,604.1655780803899,1389.6691205966592,MIA
315974827.31790185,00000000-0000-0000-0000-000000067790,OTHERS,588.5065171451766,1420.8376924366733,MIA
315974827.31790185,00000000-0000-0000-0000-000000067868,OTHERS,581.209799429518,1262.7417185184695,MIA
315974827.31790185,00000000-0000-0000-0000-000000067891,AGENT,587.8307282938198,1400.3175759656378,MIA
315974827.31790185,00000000-0000-0000-0000-000000067988,OTHERS,467.96337902117364,1377.3422961443866,MIA
315974827.31790185,00000000-0000-0000-0000-000000067921,OTHERS,587.2001501298538,1380.540957518035,MIA
315974827.31790185,00000000-0000-0000-0000-000000067922,OTHERS,579.3721409293687,1314.3843792131654,MIA
315974827.31790185,00000000-0000-0000-0000-000000067757,OTHERS,600.8334358230502,1383.855397777818,MIA
315974827.31790185,00000000-0000-0000-0000-000000067973,OTHERS,578.4699083167046,1400.472861793952,MIA
315974827.31790185,00000000-0000-0000-0000-000000067983,OTHERS,589.4266265345179,1423.7517180262946,MIA
315974827.31790185,00000000-0000-0000-0000-000000067987,OTHERS,579.6686510228507,1293.360984636059,MIA
315974827.31790185,00000000-0000-0000-0000-000000067992,OTHERS,575.4368038448861,1329.2073121643953,MIA
315974827.31790185,00000000-0000-0000-0000-000000067965,OTHERS,632.0168522580383,1387.5903858091033,MIA
315974827.31790185,00000000-0000-0000-0000-000000067985,OTHERS,575.7316512892921,1285.378661772648,MIA
315974827.31790185,00000000-0000-0000-0000-000000067931,OTHERS,575.3056639572156,1311.9979088904527,MIA
315974827.31790185,00000000-0000-0000-0000-000000067962,OTHERS,576.8648135199278,1391.0348233311583,MIA
315974827.31790185,00000000-0000-0000-0000-000000067976,OTHERS,547.4023952560948,1380.5172671364273,MIA
315974827.31790185,00000000-0000-0000-0000-000000067980,OTHERS,529.8448512501375,1385.9249331872602,MIA
315974827.31790185,00000000-0000-0000-0000-000000067935,OTHERS,609.3973673384038,1386.8050103032276,MIA
315974827.31790185,00000000-0000-0000-0000-000000067934,OTHERS,579.5687369022986,1353.2037950001554,MIA
315974827.41445583,00000000-0000-0000-0000-000000000000,AV,604.1656987483129,1389.6690043703795,MIA
315974827.41445583,00000000-0000-0000-0000-000000067790,OTHERS,588.5888887334559,1421.7406211009522,MIA
315974827.41445583,00000000-0000-0000-0000-000000067868,OTHERS,581.209799429518,1262.7417185184695,MIA
315974827.41445583,00000000-0000-0000-0000-000000067891,AGENT,588.0141468630776,1401.0441147578226,MIA
315974827.41445583,00000000-0000-0000-0000-000000067988,OTHERS,467.9791448747429,1377.25611086578,MIA
315974827.41445583,00000000-0000-0000-0000-000000067921,OTHERS,587.197643071088,1381.2399596598846,MIA
315974827.41445583,00000000-0000-0000-0000-000000067922,OTHERS,579.3888444825558,1314.2343664727764,MIA
315974827.41445583,00000000-0000-0000-0000-000000067987,OTHERS,579.6686510228507,1293.360984636059,MIA
315974827.41445583,00000000-0000-0000-0000-000000067995,OTHERS,580.1353381765138,1456.225752657184,MIA
315974827.41445583,00000000-0000-0000-0000-000000067985,OTHERS,575.6252825291302,1284.8761553800216,MIA
315974827.41445583,00000000-0000-0000-0000-000000067931,OTHERS,575.2185678684023,1312.0052481032385,MIA
315974827.41445583,00000000-0000-0000-0000-000000067962,OTHERS,576.5543619674391,1390.6187661235972,MIA
315974827.41445583,00000000-0000-0000-0000-000000067976,OTHERS,547.2995742438816,1380.6002426766515,MIA
315974827.41445583,00000000-0000-0000-0000-000000067980,OTHERS,528.7521487511922,1385.9268319748714,MIA
315974827.41445583,00000000-0000-0000-0000-000000067935,OTHERS,609.1174531281138,1386.7557839446908,MIA
315974827.41445583,00000000-0000-0000-0000-000000067965,OTHERS,631.1716248729016,1387.5595280408,MIA
315974827.41445583,00000000-0000-0000-0000-000000067992,OTHERS,575.4368038448861,1329.2073121643953,MIA
315974827.41445583,00000000-0000-0000-0000-000000067934,OTHERS,579.7465064580689,1351.3392285884413,MIA
315974827.41445583,00000000-0000-0000-0000-000000067757,OTHERS,600.8089847596227,1383.8634020092404,MIA
315974827.41445583,00000000-0000-0000-0000-000000067973,OTHERS,578.4548734641363,1399.7581400197414,MIA
315974827.51136583,00000000-0000-0000-0000-000000000000,AV,604.1655064123761,1389.6689536575477,MIA
315974827.51136583,00000000-0000-0000-0000-000000067790,OTHERS,588.5970938053803,1422.621162920403,MIA
315974827.51136583,00000000-0000-0000-0000-000000067891,AGENT,588.0545146573705,1401.904310717396,MIA
315974827.51136583,00000000-0000-0000-0000-000000067988,OTHERS,467.9791448747429,1377.25611086578,MIA
315974827.51136583,00000000-0000-0000-0000-000000067921,OTHERS,587.3123438800354,1382.1637720316266,MIA
315974827.51136583,00000000-0000-0000-0000-000000067922,OTHERS,579.2937726974887,1314.2889919150114,MIA
315974827.51136583,00000000-0000-0000-0000-000000067987,OTHERS,579.5778628861264,1292.865391092674,MIA
315974827.51136583,00000000-0000-0000-0000-000000067995,OTHERS,580.3932164597659,1455.2216066553513,MIA
315974827.51136583,00000000-0000-0000-0000-000000067985,OTHERS,575.6260513322842,1284.3158910753612,MIA
315974827.51136583,00000000-0000-0000-0000-000000067931,OTHERS,575.3153860876919,1311.62852320884,MIA
315974827.51136583,00000000-0000-0000-0000-000000067962,OTHERS,576.3065140381093,1390.3782206958015,MIA
315974827.51136583,00000000-0000-0000-0000-000000067976,OTHERS,547.3150056155207,1380.5871910877545,MIA
315974827.51136583,00000000-0000-0000-0000-000000067980,OTHERS,527.7396158122364,1385.8680054380718,MIA
315974827.51136583,00000000-0000-0000-0000-000000067935,OTHERS,608.6974452102764,1386.7650441732608,MIA
315974827.51136583,00000000-0000-0000-0000-000000067965,OTHERS,630.5100422049829,1387.5514765562466,MIA
315974827.51136583,00000000-0000-0000-0000-000000067992,OTHERS,575.4368038448861,1329.2073121643953,MIA
315974827.51136583,00000000-0000-0000-0000-000000067934,OTHERS,579.7059242440794,1350.2081019793025,MIA
315974827.51136583,00000000-0000-0000-0000-000000067757,OTHERS,600.8393309261701,1383.8452545003638,MIA
315974827.51136583,00000000-0000-0000-0000-000000067973,OTHERS,578.4485028639697,1399.1451898964576,MIA
315974827.61462086,00000000-0000-0000-0000-000000000000,AV,604.1654853484999,1389.6692898211325,MIA
315974827.61462086,00000000-0000-0000-0000-000000067891,AGENT,588.0875886574728,1402.7720268615406,MIA
315974827.61462086,00000000-0000-0000-0000-000000067988,OTHERS,467.9791448747429,1377.25611086578,MIA
315974827.61462086,00000000-0000-0000-0000-000000067921,OTHERS,587.3565781586485,1382.939442624426,MIA
315974827.61462086,00000000-0000-0000-0000-000000067922,OTHERS,579.3820485151552,1314.3056322100788,MIA
315974827.61462086,00000000-0000-0000-0000-000000067757,OTHERS,600.8155001889689,1383.8372340785136,MIA
315974827.61462086,00000000-0000-0000-0000-000000067973,OTHERS,578.4093161461127,1398.6086930186875,MIA
315974827.61462086,00000000-0000-0000-0000-000000067994,OTHERS,579.2857000405543,1420.552840851556,MIA
315974827.61462086,00000000-0000-0000-0000-000000067995,OTHERS,580.5646201072112,1454.1777409999854,MIA
315974827.61462086,00000000-0000-0000-0000-000000067790,OTHERS,588.736519402491,1423.6317984624234,MIA
315974827.61462086,00000000-0000-0000-0000-000000067996,OTHERS,555.6751524470313,1248.5734067027636,MIA
315974827.61462086,00000000-0000-0000-0000-000000067987,OTHERS,579.7193559704807,1292.5087007247935,MIA
315974827.61462086,00000000-0000-0000-0000-000000067985,OTHERS,575.6959157733459,1283.7650657286802,MIA
315974827.61462086,00000000-0000-0000-0000-000000067931,OTHERS,575.1846705770154,1311.6133188835609,MIA
315974827.61462086,00000000-0000-0000-0000-000000067965,OTHERS,629.6902484399277,1387.507293178883,MIA
315974827.61462086,00000000-0000-0000-0000-000000067962,OTHERS,576.0456639097333,1390.0827087338776,MIA
315974827.61462086,00000000-0000-0000-0000-000000067976,OTHERS,547.392227003267,1380.5328570570364,MIA
315974827.61462086,00000000-0000-0000-0000-000000067980,OTHERS,526.7593270846169,1386.0143431254598,MIA
315974827.61462086,00000000-0000-0000-0000-000000067935,OTHERS,608.3535342880167,1386.7206231441735,MIA
315974827.61462086,00000000-0000-0000-0000-000000067934,OTHERS,579.6796394796385,1348.1757289986585,MIA
315974827.72059697,00000000-0000-0000-0000-000000000000,AV,604.1652505280844,1389.6692740976905,MIA
315974827.72059697,00000000-0000-0000-0000-000000067891,AGENT,588.1633324184962,1403.8122095315662,MIA
315974827.72059697,00000000-0000-0000-0000-000000067988,OTHERS,467.9791448747429,1377.25611086578,MIA
315974827.72059697,00000000-0000-0000-0000-000000067921,OTHERS,587.3410036354961,1383.7261076020022,MIA
315974827.72059697,00000000-0000-0000-0000-000000067922,OTHERS,579.4014420973717,1314.1332092068726,MIA
315974827.72059697,00000000-0000-0000-0000-000000067757,OTHERS,600.8167830543398,1383.8670006231762,MIA
315974827.72059697,00000000-0000-0000-0000-000000067973,OTHERS,578.4597077813297,1398.005161849041,MIA
315974827.72059697,00000000-0000-0000-0000-000000067994,OTHERS,579.3250056359475,1419.8072622832358,MIA
315974827.72059697,00000000-0000-0000-0000-000000067995,OTHERS,580.5646201072112,1454.1777409999854,MIA
315974827.72059697,00000000-0000-0000-0000-000000067790,OTHERS,588.7050508834044,1424.4350608876487,MIA
315974827.72059697,00000000-0000-0000-0000-000000067996,OTHERS,555.6751524470313,1248.5734067027636,MIA
315974827.72059697,00000000-0000-0000-0000-000000067987,OTHERS,579.632722593436,1292.2630176548112,MIA
315974827.72059697,00000000-0000-0000-0000-000000067985,OTHERS,575.6959157733459,1283.7650657286802,MIA
315974827.72059697,00000000-0000-0000-0000-000000067931,OTHERS,575.3138877269795,1311.2658989867489,MIA
315974827.72059697,00000000-0000-0000-0000-000000067965,OTHERS,628.8821054635685,1387.4189336115774,MIA
315974827.72059697,00000000-0000-0000-0000-000000067962,OTHERS,575.7349623711866,1389.7543447580524,MIA
315974827.72059697,00000000-0000-0000-0000-000000067976,OTHERS,547.324425650627,1380.6703064815035,MIA
315974827.72059697,00000000-0000-0000-0000-000000067980,OTHERS,525.7300738015898,1386.064443643461,MIA
315974827.72059697,00000000-0000-0000-0000-000000067935,OTHERS,607.9590988518178,1386.7478223972053,MIA
315974827.72059697,00000000-0000-0000-0000-000000067934,OTHERS,579.7978068114708,1346.5994734988146,MIA
315974827.8214918,00000000-0000-0000-0000-000000000000,AV,604.1655330183336,1389.6690231898224,MIA
315974827.8214918,00000000-0000-0000-0000-000000067891,AGENT,588.1206122468725,1404.5523321418075,MIA
315974827.8214918,00000000-0000-0000-0000-000000067921,OTHERS,587.3821484579594,1384.5588270711817,MIA
315974827.8214918,00000000-0000-0000-0000-000000067757,OTHERS,600.8115853808308,1383.843474814705,MIA
315974827.8214918,00000000-0000-0000-0000-000000067973,OTHERS,578.3934083697698,1397.3066214632986,MIA
315974827.8214918,00000000-0000-0000-0000-000000067995,OTHERS,580.5646201072112,1454.1777409999854,MIA
315974827.8214918,00000000-0000-0000-0000-000000067790,OTHERS,588.6869993719891,1425.5209112203863,MIA
315974827.8214918,00000000-0000-0000-0000-000000067934,OTHERS,579.9613298967932,1346.5150634076792,MIA
315974827.8214918,00000000-0000-0000-0000-000000067962,OTHERS,575.495232213058,1389.5687772134675,MIA
315974827.8214918,00000000-0000-0000-0000-000000067922,OTHERS,579.3858488385673,1314.184861408147,MIA
315974827.8214918,00000000-0000-0000-0000-000000067996,OTHERS,555.6751524470313,1248.5734067027636,MIA
315974827.8214918,00000000-0000-0000-0000-000000067987,OTHERS,579.6109780232133,1291.8921049564312,MIA
315974827.8214918,00000000-0000-0000-0000-000000067994,OTHERS,579.4882522190362,1419.0877185209051,MIA
315974827.8214918,00000000-0000-0000-0000-000000067931,OTHERS,575.2085595978352,1310.8441984054562,MIA
315974827.8214918,00000000-0000-0000-0000-000000067985,OTHERS,575.6138024164002,1282.7333840978945,MIA
315974827.8214918,00000000-0000-0000-0000-000000067980,OTHERS,524.7197423401983,1386.0825668819416,MIA
315974827.8214918,00000000-0000-0000-0000-000000067976,OTHERS,547.2787185641462,1380.6102256842025,MIA
315974827.8214918,00000000-0000-0000-0000-000000067965,OTHERS,628.261756374345,1387.4658224659631,MIA
315974827.8214918,00000000-0000-0000-0000-000000067999,OTHERS,581.4134608020637,1260.8757438630425,MIA
315974827.8214918,00000000-0000-0000-0000-000000067935,OTHERS,607.5607007892157,1386.8784464306552,MIA
315974827.92051524,00000000-0000-0000-0000-000000000000,AV,604.1653926739822,1389.668604764831,MIA
315974827.92051524,00000000-0000-0000-0000-000000067891,AGENT,588.1594529260203,1405.3841052651612,MIA
315974827.92051524,00000000-0000-0000-0000-000000067921,OTHERS,587.4249297028765,1385.3515030512674,MIA
315974827.92051524,00000000-0000-0000-0000-000000067757,OTHERS,600.8485026989486,1383.8425006169186,MIA
315974827.92051524,00000000-0000-0000-0000-000000067973,OTHERS,578.4492937178503,1396.6842593248246,MIA
315974827.92051524,00000000-0000-0000-0000-000000067999,OTHERS,581.1911281062298,1260.6487587123206,MIA
315974827.92051524,00000000-0000-0000-0000-000000067935,OTHERS,607.2471854936814,1386.8801455199366,MIA
315974827.92051524,00000000-0000-0000-0000-000000067790,OTHERS,588.6982753941672,1426.0704945471796,MIA
315974827.92051524,00000000-0000-0000-0000-000000067922,OTHERS,579.392935697938,1314.207680745843,MIA
315974827.92051524,00000000-0000-0000-0000-000000067934,OTHERS,579.6947080037852,1345.7267021455134,MIA
315974827.92051524,00000000-0000-0000-0000-000000067962,OTHERS,575.1676977267988,1389.3021410084948,MIA
315974827.92051524,00000000-0000-0000-0000-000000067995,OTHERS,580.5646201072112,1454.1777409999854,MIA
315974827.92051524,00000000-0000-0000-0000-000000067996,OTHERS,555.6751524470313,1248.5734067027636,MIA
315974827.92051524,00000000-0000-0000-0000-000000067987,OTHERS,579.4512331412698,1291.6122712777267,MIA
315974827.92051524,00000000-0000-0000-0000-000000067994,OTHERS,579.6171190835104,1418.9902295945908,MIA
315974827.92051524,00000000-0000-0000-0000-000000067931,OTHERS,575.2085595978352,1310.8441984054562,MIA
315974827.92051524,00000000-0000-0000-0000-000000067985,OTHERS,575.6138024164002,1282.7333840978945,MIA
315974827.92051524,00000000-0000-0000-0000-000000067980,OTHERS,523.6749190334518,1385.9518179813324,MIA
315974827.92051524,00000000-0000-0000-0000-000000067976,OTHERS,547.2070018773469,1380.6876271137348,MIA
315974827.92051524,00000000-0000-0000-0000-000000067965,OTHERS,627.6049058648401,1387.4544032960068,MIA
315974828.0211647,00000000-0000-0000-0000-000000000000,AV,604.1654108841911,1389.66845600462,MIA
315974828.0211647,00000000-0000-0000-0000-000000067790,OTHERS,588.7864898642325,1427.0015188529474,MIA
315974828.0211647,00000000-0000-0000-0000-000000067891,AGENT,588.1743814502007,1406.2065215107943,MIA
315974828.0211647,00000000-0000-0000-0000-000000067921,OTHERS,587.4571333805894,1386.1349779863062,MIA
315974828.0211647,00000000-0000-0000-0000-000000067757,OTHERS,600.8294176055316,1383.861018113917,MIA
315974828.0211647,00000000-0000-0000-0000-000000067973,OTHERS,578.3573637849728,1396.1326764837665,MIA
315974828.0211647,00000000-0000-0000-0000-000000067922,OTHERS,579.422618928374,1314.1786530623856,MIA
315974828.0211647,00000000-0000-0000-0000-000000067934,OTHERS,579.8795162663064,1342.1407659230056,MIA
315974828.0211647,00000000-0000-0000-0000-000000067980,OTHERS,522.5897970526212,1385.943106038344,MIA
315974828.0211647,00000000-0000-0000-0000-000000067976,OTHERS,547.2070018773469,1380.6876271137348,MIA
315974828.0211647,00000000-0000-0000-0000-000000067994,OTHERS,579.6171190835104,1418.9902295945908,MIA
315974828.0211647,00000000-0000-0000-0000-000000067987,OTHERS,579.5307537639744,1291.3525242532055,MIA
315974828.0211647,00000000-0000-0000-0000-000000067965,OTHERS,626.8960649304668,1387.3828585174274,MIA
315974828.0211647,00000000-0000-0000-0000-000000067962,OTHERS,574.8245049910388,1389.0706379819815,MIA
315974828.0211647,00000000-0000-0000-0000-000000067985,OTHERS,575.6138024164002,1282.7333840978945,MIA
315974828.0211647,00000000-0000-0000-0000-000000067931,OTHERS,575.2085595978352,1310.8441984054562,MIA
315974828.0211647,00000000-0000-0000-0000-000000067999,OTHERS,580.9737173973413,1260.3510697380887,MIA
315974828.0211647,00000000-0000-0000-0000-000000067935,OTHERS,607.012655823625,1386.845391312358,MIA
315974828.11664504,00000000-0000-0000-0000-000000000000,AV,604.1652045310826,1389.6681404241565,MIA
315974828.11664504,00000000-0000-0000-0000-000000067790,OTHERS,588.7696391496784,1427.94042365512,MIA
315974828.11664504,00000000-0000-0000-0000-000000067891,AGENT,588.2037648646344,1407.1342804932667,MIA
315974828.11664504,00000000-0000-0000-0000-000000067921,OTHERS,587.4942942847092,1386.8804067895678,MIA
315974828.11664504,00000000-0000-0000-0000-000000067757,OTHERS,600.8087197265621,1383.8645752909783,MIA
315974828.11664504,00000000-0000-0000-0000-000000067973,OTHERS,578.3144267655605,1395.4140429804886,MIA
315974828.11664504,00000000-0000-0000-0000-000000067922,OTHERS,579.3999800243049,1314.171167286557,MIA
315974828.11664504,00000000-0000-0000-0000-000000068002,OTHERS,579.4484595003828,1343.2191904589165,MIA
315974828.11664504,00000000-0000-0000-0000-000000068004,OTHERS,575.1869468120191,1309.963029650243,MIA
315974828.11664504,00000000-0000-0000-0000-000000067934,OTHERS,579.8584681836747,1340.9299905273833,MIA
315974828.11664504,00000000-0000-0000-0000-000000067980,OTHERS,521.5214684766514,1385.9193983955795,MIA
315974828.11664504,00000000-0000-0000-0000-000000067976,OTHERS,547.2070018773469,1380.6876271137348,MIA
315974828.11664504,00000000-0000-0000-0000-000000067994,OTHERS,578.9690718793503,1414.065294100585,MIA
315974828.11664504,00000000-0000-0000-0000-000000067987,OTHERS,579.6021776288767,1291.0890948112205,MIA
315974828.11664504,00000000-0000-0000-0000-000000067965,OTHERS,626.2331406935098,1387.4103375144007,MIA
315974828.11664504,00000000-0000-0000-0000-000000067962,OTHERS,574.8523026743336,1389.2383782829834,MIA
315974828.11664504,00000000-0000-0000-0000-000000067985,OTHERS,575.6138024164002,1282.7333840978945,MIA
315974828.11664504,00000000-0000-0000-0000-000000067931,OTHERS,575.2085595978352,1310.8441984054562,MIA
315974828.11664504,00000000-0000-0000-0000-000000067999,OTHERS,581.0257597595095,1260.0400341367176,MIA
315974828.11664504,00000000-0000-0000-0000-000000067935,OTHERS,606.5980844724071,1386.8487553231287,MIA
315974828.2190012,00000000-0000-0000-0000-000000000000,AV,604.1649290264766,1389.6680901384095,MIA
315974828.2190012,00000000-0000-0000-0000-000000067790,OTHERS,588.7778417835415,1428.9566120630313,MIA
315974828.2190012,00000000-0000-0000-0000-000000067891,AGENT,588.1699330506825,1407.7177959599062,MIA
315974828.2190012,00000000-0000-0000-0000-000000067921,OTHERS,587.5514194849168,1387.6510199809175,MIA
315974828.2190012,00000000-0000-0000-0000-000000067922,OTHERS,579.3876141822037,1314.0455757427706,MIA
315974828.2190012,00000000-0000-0000-0000-000000068002,OTHERS,579.2332496077194,1342.8382609914295,MIA
315974828.2190012,00000000-0000-0000-0000-000000068004,OTHERS,575.0858957160187,1309.8430004832912,MIA
315974828.2190012,00000000-0000-0000-0000-000000067934,OTHERS,579.8334461122353,1342.2023574143914,MIA
315974828.2190012,00000000-0000-0000-0000-000000067980,OTHERS,520.4963137534412,1386.003814664413,MIA
315974828.2190012,00000000-0000-0000-0000-000000067976,OTHERS,547.2070018773469,1380.6876271137348,MIA
315974828.2190012,00000000-0000-0000-0000-000000067994,OTHERS,579.1790053946288,1414.0691349889346,MIA
315974828.2190012,00000000-0000-0000-0000-000000067987,OTHERS,579.6448239500609,1290.6330807463514,MIA
315974828.2190012,00000000-0000-0000-0000-000000067965,OTHERS,625.5342829792017,1387.3813203037396,MIA
315974828.2190012,00000000-0000-0000-0000-000000067962,OTHERS,574.3737936176557,1389.1016344123987,MIA
315974828.2190012,00000000-0000-0000-0000-000000067999,OTHERS,581.0257597595095,1260.0400341367176,MIA
315974828.2190012,00000000-0000-0000-0000-000000067935,OTHERS,606.3546001822277,1386.83366509829,MIA
315974828.2190012,00000000-0000-0000-0000-000000067757,OTHERS,600.8355093436966,1383.8555855246946,MIA
315974828.2190012,00000000-0000-0000-0000-000000067973,OTHERS,578.2897031813553,1394.775427466387,MIA
315974828.32510287,00000000-0000-0000-0000-000000000000,AV,604.1652180954637,1389.6680558616051,MIA
315974828.32510287,00000000-0000-0000-0000-000000067790,OTHERS,588.8463683855417,1429.473870514266,MIA
315974828.32510287,00000000-0000-0000-0000-000000067891,AGENT,588.1783224336672,1408.3206348175738,MIA
315974828.32510287,00000000-0000-0000-0000-000000067921,OTHERS,587.5639963850198,1388.4218497968093,MIA
315974828.32510287,00000000-0000-0000-0000-000000067980,OTHERS,520.4963137534412,1386.003814664413,MIA
315974828.32510287,00000000-0000-0000-0000-000000068004,OTHERS,575.1262017830314,1309.292004689433,MIA
315974828.32510287,00000000-0000-0000-0000-000000067934,OTHERS,579.2008640739099,1341.2588449182747,MIA
315974828.32510287,00000000-0000-0000-0000-000000067994,OTHERS,579.2362283886525,1413.9045958415008,MIA
315974828.32510287,00000000-0000-0000-0000-000000067987,OTHERS,579.4936748654018,1290.558384089312,MIA
315974828.32510287,00000000-0000-0000-0000-000000067965,OTHERS,624.9373337762952,1387.3641846160856,MIA
315974828.32510287,00000000-0000-0000-0000-000000067962,OTHERS,574.3737936176557,1389.1016344123987,MIA
315974828.32510287,00000000-0000-0000-0000-000000067999,OTHERS,581.0257597595095,1260.0400341367176,MIA
315974828.32510287,00000000-0000-0000-0000-000000067935,OTHERS,606.0180296137999,1386.863763552755,MIA
315974828.32510287,00000000-0000-0000-0000-000000068002,OTHERS,579.4664236546295,1341.7909181233795,MIA
315974828.32510287,00000000-0000-0000-0000-000000067922,OTHERS,579.3542535461489,1314.109176058312,MIA
315974828.32510287,00000000-0000-0000-0000-000000067757,OTHERS,600.7926369014382,1383.859709909796,MIA
315974828.32510287,00000000-0000-0000-0000-000000067973,OTHERS,578.27618607248,1394.2997909429373,MIA
315974828.4134369,00000000-0000-0000-0000-000000000000,AV,604.1651703384239,1389.6682116776278,MIA
315974828.4134369,00000000-0000-0000-0000-000000067891,AGENT,588.1150461180395,1408.8871080260474,MIA
315974828.4134369,00000000-0000-0000-0000-000000067994,OTHERS,579.382611350847,1413.539198227336,MIA
315974828.4134369,00000000-0000-0000-0000-000000067980,OTHERS,520.4963137534412,1386.003814664413,MIA
315974828.4134369,00000000-0000-0000-0000-000000068004,OTHERS,575.0437274007703,1309.0730589632005,MIA
315974828.4134369,00000000-0000-0000-0000-000000067934,OTHERS,576.789177048947,1340.9269692524933,MIA
315974828.4134369,00000000-0000-0000-0000-000000067999,OTHERS,581.0257597595095,1260.0400341367176,MIA
315974828.4134369,00000000-0000-0000-0000-000000067935,OTHERS,605.8873947313526,1386.798959507071,MIA
315974828.4134369,00000000-0000-0000-0000-000000068002,OTHERS,579.5172127851392,1340.3372642757522,MIA
315974828.4134369,00000000-0000-0000-0000-000000067922,OTHERS,579.3384890336347,1313.9955820282014,MIA
315974828.4134369,00000000-0000-0000-0000-000000067790,OTHERS,588.8385997932942,1429.557099958587,MIA
315974828.4134369,00000000-0000-0000-0000-000000067965,OTHERS,624.3746576699227,1387.3654532849532,MIA
315974828.4134369,00000000-0000-0000-0000-000000067921,OTHERS,587.6640412275225,1389.2259156366208,MIA
315974828.4134369,00000000-0000-0000-0000-000000067987,OTHERS,579.6609039726429,1290.1124877772015,MIA
315974828.4134369,00000000-0000-0000-0000-000000067962,OTHERS,574.3737936176557,1389.1016344123987,MIA
315974828.4134369,00000000-0000-0000-0000-000000067757,OTHERS,600.7982334362953,1383.8606749007674,MIA
315974828.4134369,00000000-0000-0000-0000-000000067973,OTHERS,578.2357816544833,1394.0660626410647,MIA
315974828.51666963,00000000-0000-0000-0000-000000000000,AV,604.1651913419288,1389.668471866833,MIA
315974828.51666963,00000000-0000-0000-0000-000000067891,AGENT,587.9850752688228,1409.549076252272,MIA
315974828.51666963,00000000-0000-0000-0000-000000067994,OTHERS,579.1665452683262,1412.085772855575,MIA
315974828.51666963,00000000-0000-0000-0000-000000068004,OTHERS,575.29331030046,1308.4700629352521,MIA
315974828.51666963,00000000-0000-0000-0000-000000067934,OTHERS,576.6394695489365,1340.6119368902166,MIA
315974828.51666963,00000000-0000-0000-0000-000000067790,OTHERS,588.8773666257106,1430.3099462543335,MIA
315974828.51666963,00000000-0000-0000-0000-000000067965,OTHERS,623.9796307957803,1387.3507511981954,MIA
315974828.51666963,00000000-0000-0000-0000-000000067921,OTHERS,587.6507056806593,1390.0040023864374,MIA
315974828.51666963,00000000-0000-0000-0000-000000068007,OTHERS,547.2573369971589,1380.6321030908857,MIA
315974828.51666963,00000000-0000-0000-0000-000000067935,OTHERS,605.5250174015447,1386.8042484954312,MIA
315974828.51666963,00000000-0000-0000-0000-000000068002,OTHERS,579.1337995100656,1339.445844865774,MIA
315974828.51666963,00000000-0000-0000-0000-000000067922,OTHERS,579.3463183232767,1313.9134333377438,MIA
315974828.51666963,00000000-0000-0000-0000-000000067987,OTHERS,579.5082874120537,1290.014374009033,MIA
315974828.51666963,00000000-0000-0000-0000-000000067962,OTHERS,574.3737936176557,1389.1016344123987,MIA
315974828.51666963,00000000-0000-0000-0000-000000067980,OTHERS,520.4963137534412,1386.003814664413,MIA
315974828.51666963,00000000-0000-0000-0000-000000067757,OTHERS,600.831304872846,1383.831678276092,MIA
315974828.51666963,00000000-0000-0000-0000-000000067973,OTHERS,578.2048870431191,1393.6335624832682,MIA
