TIMESTAMP,TRACK_ID,OBJECT_TYPE,X,Y,CITY_NAME
315974012.32021457,00000000-0000-0000-0000-000000000000,AV,729.4829660670277,1412.1520006216822,MIA
315974012.32021457,00000000-0000-0000-0000-000000078554,OTHERS,730.140135218178,1419.938054500572,MIA
315974012.32021457,00000000-0000-0000-0000-000000078849,OTHERS,745.8824334370028,1371.2427096139004,MIA
315974012.32021457,00000000-0000-0000-0000-000000078899,OTHERS,729.0835757078598,1435.1755350045114,MIA
315974012.32021457,00000000-0000-0000-0000-000000077767,OTHERS,732.8497492244232,1404.7031547617282,MIA
315974012.32021457,00000000-0000-0000-0000-000000079026,OTHERS,736.3185723363803,1407.271976278172,MIA
315974012.32021457,00000000-0000-0000-0000-000000079031,OTHERS,732.5590110939493,1412.9491031097864,MIA
315974012.32021457,00000000-0000-0000-0000-000000078851,OTHERS,728.7622097883858,1428.029716392753,MIA
315974012.32021457,00000000-0000-0000-0000-000000079063,OTHERS,732.6858049592175,1420.3122909402978,MIA
315974012.32021457,00000000-0000-0000-0000-000000079070,OTHERS,741.2456447210194,1370.816557586042,MIA
315974012.32021457,00000000-0000-0000-0000-000000079073,OTHERS,744.5872981851977,1362.1758598970173,MIA
315974012.32021457,00000000-0000-0000-0000-000000079074,OTHERS,742.9375778828854,1415.4742584348292,MIA
315974012.32021457,00000000-0000-0000-0000-000000079100,OTHERS,724.091890317334,1390.1637907993836,MIA
315974012.32021457,00000000-0000-0000-0000-000000079095,OTHERS,745.9991849195874,1401.2282776699958,MIA
315974012.32021457,00000000-0000-0000-0000-000000079111,AGENT,748.0093119634638,1383.6536078667484,MIA
315974012.32021457,00000000-0000-0000-0000-000000079131,OTHERS,731.1011907280348,1442.468620086479,MIA
315974012.32021457,00000000-0000-0000-0000-000000079114,OTHERS,733.9315272800391,1381.2211984104513,MIA
315974012.32021457,00000000-0000-0000-0000-000000079125,OTHERS,745.0594144727127,1344.9239895673193,MIA
315974012.32021457,00000000-0000-0000-0000-000000079104,OTHERS,744.8761741008149,1363.9541836631254,MIA
315974012.32021457,00000000-0000-0000-0000-000000079133,OTHERS,732.0635976562369,1442.4103484375767,MIA
315974012.32021457,00000000-0000-0000-0000-000000079116,OTHERS,744.6616823013622,1352.3972204354113,MIA
315974012.32021457,00000000-0000-0000-0000-000000079113,OTHERS,749.2273412313126,1366.9602824568665,MIA
315974012.32021457,00000000-0000-0000-0000-000000079120,OTHERS,806.4868388911859,1394.212235089588,MIA
315974012.32021457,00000000-0000-0000-0000-000000079083,OTHERS,732.1094844248057,1429.0960873594079,MIA
315974012.32021457,00000000-0000-0000-0000-000000079078,OTHERS,704.1443740117285,1389.7381727320844,MIA
315974012.43010336,00000000-0000-0000-0000-000000000000,AV,729.4831654026207,1412.150848343369,MIA
315974012.43010336,00000000-0000-0000-0000-000000078554,OTHERS,730.1465640967889,1419.9493226615814,MIA
315974012.43010336,00000000-0000-0000-0000-000000078849,OTHERS,745.8239252468553,1371.243214419218,MIA
315974012.43010336,00000000-0000-0000-0000-000000078899,OTHERS,729.4064401805182,1435.5385090873574,MIA
315974012.43010336,00000000-0000-0000-0000-000000077767,OTHERS,732.8534703036337,1404.718097021832,MIA
315974012.43010336,00000000-0000-0000-0000-000000079026,OTHERS,736.2977897176094,1407.2673051539352,MIA
315974012.43010336,00000000-0000-0000-0000-000000079031,OTHERS,732.5516334825322,1412.9331957234824,MIA
315974012.43010336,00000000-0000-0000-0000-000000078851,OTHERS,728.7472916868687,1428.0409520435046,MIA
315974012.43010336,00000000-0000-0000-0000-000000079063,OTHERS,732.6813083007373,1420.2319209449854,MIA
315974012.43010336,00000000-0000-0000-0000-000000079070,OTHERS,741.327369309196,1370.8709681443247,MIA
315974012.43010336,00000000-0000-0000-0000-000000079073,OTHERS,744.8579190741992,1363.95575169099,MIA
315974012.43010336,00000000-0000-0000-0000-000000079074,OTHERS,742.9303441288777,1416.4798315224136,MIA
315974012.43010336,00000000-0000-0000-0000-000000079078,OTHERS,703.2746622171321,1389.6632662499212,MIA
315974012.43010336,00000000-0000-0000-0000-000000079111,AGENT,747.912586623201,1384.3755938937793,MIA
315974012.43010336,00000000-0000-0000-0000-000000079104,OTHERS,744.588502836712,1362.107452310092,MIA
315974012.43010336,00000000-0000-0000-0000-000000079114,OTHERS,733.6744491554815,1381.8744518716096,MIA
315974012.43010336,00000000-0000-0000-0000-000000079131,OTHERS,731.0436641959708,1442.1101590086353,MIA
315974012.43010336,00000000-0000-0000-0000-000000079100,OTHERS,723.3849945641168,1390.3213806138122,MIA
315974012.43010336,00000000-0000-0000-0000-000000079095,OTHERS,745.9288556139221,1402.2242071833994,MIA
315974012.43010336,00000000-0000-0000-0000-000000079125,OTHERS,744.9583883892619,1345.1065334347927,MIA
315974012.43010336,00000000-0000-0000-0000-000000079133,OTHERS,732.0197837305586,1442.1549998084115,MIA
315974012.43010336,00000000-0000-0000-0000-000000079116,OTHERS,744.6303879712492,1352.8006062087775,MIA
315974012.43010336,00000000-0000-0000-0000-000000079113,OTHERS,749.0986763219652,1367.5844717588727,MIA
315974012.43010336,00000000-0000-0000-0000-000000079120,OTHERS,806.4868388911859,1394.212235089588,MIA
315974012.43010336,00000000-0000-0000-0000-000000079083,OTHERS,732.0932683021516,1429.0252217658178,MIA
315974012.5188064,00000000-0000-0000-0000-000000000000,AV,729.4835176256613,1412.1509017790936,MIA
315974012.5188064,00000000-0000-0000-0000-000000078849,OTHERS,745.7588091896788,1371.2237983607554,MIA
315974012.5188064,00000000-0000-0000-0000-000000078899,OTHERS,729.4193906911104,1435.5186210921356,MIA
315974012.5188064,00000000-0000-0000-0000-000000077767,OTHERS,732.8433540036442,1404.7087050634354,MIA
315974012.5188064,00000000-0000-0000-0000-000000079026,OTHERS,736.3031802701047,1407.257965436032,MIA
315974012.5188064,00000000-0000-0000-0000-000000079031,OTHERS,732.5596786676982,1412.951605806545,MIA
315974012.5188064,00000000-0000-0000-0000-000000078851,OTHERS,728.7696809311342,1428.0470174590876,MIA
315974012.5188064,00000000-0000-0000-0000-000000079063,OTHERS,732.6289927571128,1420.1994984834478,MIA
315974012.5188064,00000000-0000-0000-0000-000000079070,OTHERS,741.1602229523427,1370.974802645008,MIA
315974012.5188064,00000000-0000-0000-0000-000000079073,OTHERS,744.6609872618698,1362.077038577644,MIA
315974012.5188064,00000000-0000-0000-0000-000000079074,OTHERS,742.7792883642285,1417.6576519599066,MIA
315974012.5188064,00000000-0000-0000-0000-000000079111,AGENT,747.8923291731903,1384.966694367695,MIA
315974012.5188064,00000000-0000-0000-0000-000000078554,OTHERS,730.1336285811675,1419.9535911964515,MIA
315974012.5188064,00000000-0000-0000-0000-000000079114,OTHERS,733.3524658535079,1382.3741302477865,MIA
315974012.5188064,00000000-0000-0000-0000-000000079131,OTHERS,731.0096662901816,1441.906903101767,MIA
315974012.5188064,00000000-0000-0000-0000-000000079100,OTHERS,722.6714101804364,1390.4304381710126,MIA
315974012.5188064,00000000-0000-0000-0000-000000079095,OTHERS,745.8680244468327,1403.1220932032447,MIA
315974012.5188064,00000000-0000-0000-0000-000000079125,OTHERS,744.9746319562306,1344.9044777660945,MIA
315974012.5188064,00000000-0000-0000-0000-000000079133,OTHERS,732.0246876186937,1441.808865121077,MIA
315974012.5188064,00000000-0000-0000-0000-000000079116,OTHERS,744.7858356386052,1352.4744372338714,MIA
315974012.5188064,00000000-0000-0000-0000-000000079113,OTHERS,748.9811217746086,1368.2738766920074,MIA
315974012.5188064,00000000-0000-0000-0000-000000079104,OTHERS,744.8873565743091,1364.1860864686405,MIA
315974012.5188064,00000000-0000-0000-0000-000000079083,OTHERS,732.0981944349112,1428.9049865564364,MIA
315974012.5188064,00000000-0000-0000-0000-000000079078,OTHERS,702.5072148521701,1389.5528914029467,MIA
315974012.62361115,00000000-0000-0000-0000-000000000000,AV,729.4831381333678,1412.1506055083303,MIA
315974012.62361115,00000000-0000-0000-0000-000000078849,OTHERS,745.7717093169878,1371.2638117870115,MIA
315974012.62361115,00000000-0000-0000-0000-000000078899,OTHERS,729.4647673058282,1435.0153785083758,MIA
315974012.62361115,00000000-0000-0000-0000-000000077767,OTHERS,732.848865882951,1404.704955105197,MIA
315974012.62361115,00000000-0000-0000-0000-000000079026,OTHERS,736.3142159917422,1407.2840340428345,MIA
315974012.62361115,00000000-0000-0000-0000-000000079031,OTHERS,732.5533066722973,1412.9409607766354,MIA
315974012.62361115,00000000-0000-0000-0000-000000079063,OTHERS,732.5966541206841,1420.1431031468046,MIA
315974012.62361115,00000000-0000-0000-0000-000000079070,OTHERS,741.2125828304808,1371.0293096864675,MIA
315974012.62361115,00000000-0000-0000-0000-000000079073,OTHERS,744.7113209718547,1362.1215487409795,MIA
315974012.62361115,00000000-0000-0000-0000-000000079074,OTHERS,742.5931482528882,1418.8065558133994,MIA
315974012.62361115,00000000-0000-0000-0000-000000079078,OTHERS,701.7770252137622,1389.4082490280773,MIA
315974012.62361115,00000000-0000-0000-0000-000000079111,AGENT,747.6114608025714,1385.872715559299,MIA
315974012.62361115,00000000-0000-0000-0000-000000078851,OTHERS,728.7688628882312,1428.01014566296,MIA
315974012.62361115,00000000-0000-0000-0000-000000079104,OTHERS,744.8753718154976,1364.0013394224088,MIA
315974012.62361115,00000000-0000-0000-0000-000000078554,OTHERS,730.1359510678308,1419.956053533006,MIA
315974012.62361115,00000000-0000-0000-0000-000000079114,OTHERS,733.112210543814,1382.8837372275766,MIA
315974012.62361115,00000000-0000-0000-0000-000000079131,OTHERS,731.0063713780078,1441.6340892922726,MIA
315974012.62361115,00000000-0000-0000-0000-000000079100,OTHERS,722.1386141490925,1390.4041617978073,MIA
315974012.62361115,00000000-0000-0000-0000-000000079095,OTHERS,745.8200031937354,1404.1295437472336,MIA
315974012.62361115,00000000-0000-0000-0000-000000079125,OTHERS,745.0259515623593,1345.3332780979622,MIA
315974012.62361115,00000000-0000-0000-0000-000000079133,OTHERS,731.9662049626013,1441.5244425110454,MIA
315974012.62361115,00000000-0000-0000-0000-000000079116,OTHERS,744.9728350328004,1352.5393157896488,MIA
315974012.62361115,00000000-0000-0000-0000-000000079138,OTHERS,683.140489913175,1387.2071270224565,MIA
315974012.62361115,00000000-0000-0000-0000-000000079113,OTHERS,748.8942536788475,1368.869460403915,MIA
315974012.62361115,00000000-0000-0000-0000-000000079083,OTHERS,732.0972444219856,1428.7932009720319,MIA
315974012.7203466,00000000-0000-0000-0000-000000000000,AV,729.4832607528151,1412.1505690022134,MIA
315974012.7203466,00000000-0000-0000-0000-000000078849,OTHERS,745.7539025709482,1371.2809668147124,MIA
315974012.7203466,00000000-0000-0000-0000-000000078899,OTHERS,729.5420457223186,1434.9774508514574,MIA
315974012.7203466,00000000-0000-0000-0000-000000077767,OTHERS,732.8377646273436,1404.6967991752826,MIA
315974012.7203466,00000000-0000-0000-0000-000000079026,OTHERS,736.3183145894411,1407.240532888537,MIA
315974012.7203466,00000000-0000-0000-0000-000000079063,OTHERS,732.6212761162186,1420.1421133560848,MIA
315974012.7203466,00000000-0000-0000-0000-000000079070,OTHERS,741.160816259837,1371.1625270334887,MIA
315974012.7203466,00000000-0000-0000-0000-000000079073,OTHERS,744.9690169878987,1364.2269217690512,MIA
315974012.7203466,00000000-0000-0000-0000-000000079074,OTHERS,742.5251462264027,1419.8556708202875,MIA
315974012.7203466,00000000-0000-0000-0000-000000079078,OTHERS,701.2861707167892,1389.277833649416,MIA
315974012.7203466,00000000-0000-0000-0000-000000079083,OTHERS,732.0792455829077,1428.6246401338412,MIA
315974012.7203466,00000000-0000-0000-0000-000000078554,OTHERS,730.1329851937918,1419.9435954210417,MIA
315974012.7203466,00000000-0000-0000-0000-000000078851,OTHERS,728.7628807193959,1428.029369253272,MIA
315974012.7203466,00000000-0000-0000-0000-000000079104,OTHERS,744.5488591770018,1362.0765926182844,MIA
315974012.7203466,00000000-0000-0000-0000-000000079031,OTHERS,732.5555067991403,1412.94489036213,MIA
315974012.7203466,00000000-0000-0000-0000-000000079114,OTHERS,732.8385650978273,1383.1579677455802,MIA
315974012.7203466,00000000-0000-0000-0000-000000079111,AGENT,747.535803646419,1386.6349838870933,MIA
315974012.7203466,00000000-0000-0000-0000-000000079125,OTHERS,744.9919631084247,1345.2609562815649,MIA
315974012.7203466,00000000-0000-0000-0000-000000079133,OTHERS,731.5589409807582,1441.426445159205,MIA
315974012.7203466,00000000-0000-0000-0000-000000079116,OTHERS,744.8144542034235,1352.6143292175266,MIA
315974012.7203466,00000000-0000-0000-0000-000000079138,OTHERS,682.3807104823015,1386.9956228085364,MIA
315974012.7203466,00000000-0000-0000-0000-000000079113,OTHERS,748.791790373347,1368.9674903200544,MIA
315974012.7203466,00000000-0000-0000-0000-000000079100,OTHERS,721.7186257208072,1390.6337225299226,MIA
315974012.7203466,00000000-0000-0000-0000-000000079095,OTHERS,745.7350346758235,1404.9610371523936,MIA
315974012.817244,00000000-0000-0000-0000-000000000000,AV,729.4835221955423,1412.1504389815357,MIA
315974012.817244,00000000-0000-0000-0000-000000078849,OTHERS,745.8840263437985,1371.1861307912632,MIA
315974012.817244,00000000-0000-0000-0000-000000078899,OTHERS,728.7335439521623,1435.6496446588685,MIA
315974012.817244,00000000-0000-0000-0000-000000077767,OTHERS,732.8475673814302,1404.70496198208,MIA
315974012.817244,00000000-0000-0000-0000-000000079026,OTHERS,736.2941330743855,1407.2491382921426,MIA
315974012.817244,00000000-0000-0000-0000-000000079063,OTHERS,732.6182569084121,1420.1329032621813,MIA
315974012.817244,00000000-0000-0000-0000-000000079070,OTHERS,741.2638694487939,1370.8180014209975,MIA
315974012.817244,00000000-0000-0000-0000-000000079073,OTHERS,744.8017474995427,1363.9031902440531,MIA
315974012.817244,00000000-0000-0000-0000-000000079074,OTHERS,742.3607989607692,1421.2486138914608,MIA
315974012.817244,00000000-0000-0000-0000-000000079078,OTHERS,701.2861707167892,1389.277833649416,MIA
315974012.817244,00000000-0000-0000-0000-000000079083,OTHERS,732.1148545280846,1428.6677338809945,MIA
315974012.817244,00000000-0000-0000-0000-000000079095,OTHERS,745.7035760398347,1405.9611973395733,MIA
315974012.817244,00000000-0000-0000-0000-000000078851,OTHERS,728.7705873801282,1427.979345171712,MIA
315974012.817244,00000000-0000-0000-0000-000000079104,OTHERS,744.6316244912073,1362.1668509610436,MIA
315974012.817244,00000000-0000-0000-0000-000000078554,OTHERS,730.1469984718242,1419.9522328704672,MIA
315974012.817244,00000000-0000-0000-0000-000000079031,OTHERS,732.5543880116091,1412.9457607385364,MIA
315974012.817244,00000000-0000-0000-0000-000000079114,OTHERS,732.5114171949739,1383.6548574634744,MIA
315974012.817244,00000000-0000-0000-0000-000000079116,OTHERS,744.7744187912098,1352.6490557465027,MIA
315974012.817244,00000000-0000-0000-0000-000000079133,OTHERS,731.5962789144646,1441.1127543195919,MIA
315974012.817244,00000000-0000-0000-0000-000000079111,AGENT,747.5342455254557,1387.286785692562,MIA
315974012.817244,00000000-0000-0000-0000-000000079125,OTHERS,744.9196903021711,1345.3394896131786,MIA
315974012.817244,00000000-0000-0000-0000-000000079138,OTHERS,682.3807104823015,1386.9956228085364,MIA
315974012.817244,00000000-0000-0000-0000-000000079113,OTHERS,748.6259747620056,1369.7958088136274,MIA
315974012.817244,00000000-0000-0000-0000-000000079100,OTHERS,720.8477455493031,1390.5550107298934,MIA
315974012.9226237,00000000-0000-0000-0000-000000000000,AV,729.4838490760233,1412.1505178540383,MIA
315974012.9226237,00000000-0000-0000-0000-000000078849,OTHERS,745.8437889299279,1371.264790056642,MIA
315974012.9226237,00000000-0000-0000-0000-000000078899,OTHERS,729.5428556260248,1434.1492893156505,MIA
315974012.9226237,00000000-0000-0000-0000-000000077767,OTHERS,732.8407298803395,1404.6942055770126,MIA
315974012.9226237,00000000-0000-0000-0000-000000079026,OTHERS,736.3754446619188,1407.2453103992007,MIA
315974012.9226237,00000000-0000-0000-0000-000000079063,OTHERS,732.7136024048227,1420.1919022098318,MIA
315974012.9226237,00000000-0000-0000-0000-000000079070,OTHERS,741.2390849986352,1370.8895210091866,MIA
315974012.9226237,00000000-0000-0000-0000-000000079073,OTHERS,744.6637256689296,1362.0937037492529,MIA
315974012.9226237,00000000-0000-0000-0000-000000079074,OTHERS,742.1320473999588,1422.125465592442,MIA
315974012.9226237,00000000-0000-0000-0000-000000079078,OTHERS,701.2861707167892,1389.277833649416,MIA
315974012.9226237,00000000-0000-0000-0000-000000079083,OTHERS,732.1005732611939,1428.4834441301623,MIA
315974012.9226237,00000000-0000-0000-0000-000000079095,OTHERS,745.6316207614317,1406.8188853606378,MIA
315974012.9226237,00000000-0000-0000-0000-000000079100,OTHERS,720.0836502861379,1390.5620200933124,MIA
315974012.9226237,00000000-0000-0000-0000-000000079104,OTHERS,744.8403261110252,1364.2343913654247,MIA
315974012.9226237,00000000-0000-0000-0000-000000079111,AGENT,747.3911423120767,1388.004368508504,MIA
315974012.9226237,00000000-0000-0000-0000-000000079031,OTHERS,732.5523690666828,1412.9262960562023,MIA
315974012.9226237,00000000-0000-0000-0000-000000079136,OTHERS,745.1854801282802,1337.9320610023465,MIA
315974012.9226237,00000000-0000-0000-0000-000000079114,OTHERS,732.1676287049478,1384.2017110067193,MIA
315974012.9226237,00000000-0000-0000-0000-000000079125,OTHERS,744.9915117503764,1345.6748787896104,MIA
315974012.9226237,00000000-0000-0000-0000-000000079142,OTHERS,796.6267636822913,1393.5838158085073,MIA
315974012.9226237,00000000-0000-0000-0000-000000078851,OTHERS,728.7870353560123,1427.901882611456,MIA
315974012.9226237,00000000-0000-0000-0000-000000078554,OTHERS,730.138979844684,1419.9497260788696,MIA
315974012.9226237,00000000-0000-0000-0000-000000079139,OTHERS,811.349563908272,1396.26942621482,MIA
315974012.9226237,00000000-0000-0000-0000-000000079113,OTHERS,748.6199217464485,1370.3138090655855,MIA
315974012.9226237,00000000-0000-0000-0000-000000079138,OTHERS,682.3807104823015,1386.9956228085364,MIA
315974012.9226237,00000000-0000-0000-0000-000000079116,OTHERS,744.7782327479599,1352.5862733071915,MIA
315974012.9226237,00000000-0000-0000-0000-000000079133,OTHERS,731.6356079808928,1440.9912693421454,MIA
315974013.01859397,00000000-0000-0000-0000-000000000000,AV,729.4841220474017,1412.1505137965191,MIA
315974013.01859397,00000000-0000-0000-0000-000000078849,OTHERS,745.7883043581627,1371.234790436666,MIA
315974013.01859397,00000000-0000-0000-0000-000000078899,OTHERS,729.0646153745681,1435.1450019206168,MIA
315974013.01859397,00000000-0000-0000-0000-000000077767,OTHERS,732.8441883790445,1404.7086052516172,MIA
315974013.01859397,00000000-0000-0000-0000-000000079026,OTHERS,736.3159459713762,1407.2600451725853,MIA
315974013.01859397,00000000-0000-0000-0000-000000078851,OTHERS,728.7776177324788,1427.8768934129114,MIA
315974013.01859397,00000000-0000-0000-0000-000000079063,OTHERS,732.6939254834666,1420.1389072623722,MIA
315974013.01859397,00000000-0000-0000-0000-000000079070,OTHERS,741.2316835979684,1371.0790906183881,MIA
315974013.01859397,00000000-0000-0000-0000-000000079073,OTHERS,744.9564492605717,1363.9227970419051,MIA
315974013.01859397,00000000-0000-0000-0000-000000079078,OTHERS,701.2861707167892,1389.277833649416,MIA
315974013.01859397,00000000-0000-0000-0000-000000079083,OTHERS,732.0961682642163,1428.415632997568,MIA
315974013.01859397,00000000-0000-0000-0000-000000079095,OTHERS,745.5788828102341,1407.808875438088,MIA
315974013.01859397,00000000-0000-0000-0000-000000079100,OTHERS,719.8154493527973,1390.6721607797922,MIA
315974013.01859397,00000000-0000-0000-0000-000000079104,OTHERS,744.575176972493,1362.1366875127521,MIA
315974013.01859397,00000000-0000-0000-0000-000000079111,AGENT,747.1919531681775,1388.8654271450528,MIA
315974013.01859397,00000000-0000-0000-0000-000000079074,OTHERS,741.9153399707762,1423.2832334452935,MIA
315974013.01859397,00000000-0000-0000-0000-000000079031,OTHERS,732.5600155552031,1412.9371517962331,MIA
315974013.01859397,00000000-0000-0000-0000-000000079136,OTHERS,745.2313776239093,1338.0386986609774,MIA
315974013.01859397,00000000-0000-0000-0000-000000079114,OTHERS,731.8007564547606,1384.6650955436414,MIA
315974013.01859397,00000000-0000-0000-0000-000000079125,OTHERS,745.0287753789952,1345.4898599008827,MIA
315974013.01859397,00000000-0000-0000-0000-000000079142,OTHERS,795.5591755595091,1393.6422428123044,MIA
315974013.01859397,00000000-0000-0000-0000-000000078554,OTHERS,730.1279658798552,1419.9419139605366,MIA
315974013.01859397,00000000-0000-0000-0000-000000079139,OTHERS,810.3322580783116,1396.2789148025333,MIA
315974013.01859397,00000000-0000-0000-0000-000000079113,OTHERS,748.5740450947784,1370.950371250849,MIA
315974013.01859397,00000000-0000-0000-0000-000000079138,OTHERS,682.3807104823015,1386.9956228085364,MIA
315974013.01859397,00000000-0000-0000-0000-000000079116,OTHERS,744.7487028481694,1352.6010780059264,MIA
315974013.01859397,00000000-0000-0000-0000-000000079133,OTHERS,731.662815323401,1440.5353420279102,MIA
315974013.11959445,00000000-0000-0000-0000-000000000000,AV,729.4842615431837,1412.1504311472574,MIA
315974013.11959445,00000000-0000-0000-0000-000000078849,OTHERS,745.8166852004344,1371.240107925457,MIA
315974013.11959445,00000000-0000-0000-0000-000000078899,OTHERS,729.0367184125367,1435.152433320891,MIA
315974013.11959445,00000000-0000-0000-0000-000000077767,OTHERS,732.856583163539,1404.7116174119305,MIA
315974013.11959445,00000000-0000-0000-0000-000000079026,OTHERS,736.3179123726748,1407.2701134208814,MIA
315974013.11959445,00000000-0000-0000-0000-000000078851,OTHERS,728.7689202841842,1427.8569885468771,MIA
315974013.11959445,00000000-0000-0000-0000-000000079063,OTHERS,732.6958728614422,1420.1595516715963,MIA
315974013.11959445,00000000-0000-0000-0000-000000079070,OTHERS,741.3122293680769,1370.8297526192725,MIA
315974013.11959445,00000000-0000-0000-0000-000000079073,OTHERS,744.7264428748675,1362.0508534336225,MIA
315974013.11959445,00000000-0000-0000-0000-000000079083,OTHERS,732.0774354004753,1428.3062733830686,MIA
315974013.11959445,00000000-0000-0000-0000-000000079095,OTHERS,745.4995380307595,1408.7602775747464,MIA
315974013.11959445,00000000-0000-0000-0000-000000079100,OTHERS,719.2446515991671,1390.655500400565,MIA
315974013.11959445,00000000-0000-0000-0000-000000079104,OTHERS,744.9018396484813,1364.1870377505704,MIA
315974013.11959445,00000000-0000-0000-0000-000000079147,OTHERS,830.6000283857019,1389.9078339856376,MIA
315974013.11959445,00000000-0000-0000-0000-000000079031,OTHERS,732.5516862771292,1412.9400026832238,MIA
315974013.11959445,00000000-0000-0000-0000-000000079136,OTHERS,745.2313776239093,1338.0386986609774,MIA
315974013.11959445,00000000-0000-0000-0000-000000079114,OTHERS,731.4443952514482,1385.0466966644046,MIA
315974013.11959445,00000000-0000-0000-0000-000000079074,OTHERS,741.8605400854702,1424.5140589444488,MIA
315974013.11959445,00000000-0000-0000-0000-000000079113,OTHERS,748.5148437586732,1371.327867269686,MIA
315974013.11959445,00000000-0000-0000-0000-000000079125,OTHERS,744.9364851540453,1345.5520664874018,MIA
315974013.11959445,00000000-0000-0000-0000-000000079142,OTHERS,794.5533717158336,1393.8798740158609,MIA
315974013.11959445,00000000-0000-0000-0000-000000078554,OTHERS,730.1400164227762,1419.9453797800754,MIA
315974013.11959445,00000000-0000-0000-0000-000000079139,OTHERS,809.4269046422337,1396.2536105024994,MIA
315974013.11959445,00000000-0000-0000-0000-000000079111,AGENT,747.1281708482561,1389.5653909881082,MIA
315974013.11959445,00000000-0000-0000-0000-000000079133,OTHERS,731.4351200657522,1440.386081746714,MIA
315974013.11959445,00000000-0000-0000-0000-000000079116,OTHERS,744.7007104514016,1352.5798523842195,MIA
315974013.2153839,00000000-0000-0000-0000-000000000000,AV,729.4844935740848,1412.1502760747164,MIA
315974013.2153839,00000000-0000-0000-0000-000000078849,OTHERS,745.8848643640993,1371.1482366246435,MIA
315974013.2153839,00000000-0000-0000-0000-000000078899,OTHERS,729.0367184125367,1435.152433320891,MIA
315974013.2153839,00000000-0000-0000-0000-000000077767,OTHERS,732.8477175426152,1404.7106476797744,MIA
315974013.2153839,00000000-0000-0000-0000-000000079026,OTHERS,736.2575431102167,1407.2625517843965,MIA
315974013.2153839,00000000-0000-0000-0000-000000079031,OTHERS,732.5454537735229,1412.923350147052,MIA
315974013.2153839,00000000-0000-0000-0000-000000078851,OTHERS,728.7764387911649,1427.826110958388,MIA
315974013.2153839,00000000-0000-0000-0000-000000079063,OTHERS,732.6943036113494,1420.1851933183798,MIA
315974013.2153839,00000000-0000-0000-0000-000000079070,OTHERS,741.3726202562552,1371.0246368125615,MIA
315974013.2153839,00000000-0000-0000-0000-000000079083,OTHERS,732.0704887995554,1428.1952293805386,MIA
315974013.2153839,00000000-0000-0000-0000-000000079095,OTHERS,745.4770820597055,1409.7051078917527,MIA
315974013.2153839,00000000-0000-0000-0000-000000079100,OTHERS,718.3161043100806,1390.6138746384095,MIA
315974013.2153839,00000000-0000-0000-0000-000000079104,OTHERS,744.652945235026,1362.1701216597949,MIA
315974013.2153839,00000000-0000-0000-0000-000000079147,OTHERS,829.8357286704863,1389.9678204346528,MIA
315974013.2153839,00000000-0000-0000-0000-000000079073,OTHERS,744.8953157390943,1364.1853461938724,MIA
315974013.2153839,00000000-0000-0000-0000-000000079074,OTHERS,741.8376378279013,1425.7672454786386,MIA
315974013.2153839,00000000-0000-0000-0000-000000079113,OTHERS,748.4874301988194,1372.1032929931425,MIA
315974013.2153839,00000000-0000-0000-0000-000000079125,OTHERS,744.9538510673506,1345.549386395147,MIA
315974013.2153839,00000000-0000-0000-0000-000000079142,OTHERS,793.7095349967682,1394.1007790742347,MIA
315974013.2153839,00000000-0000-0000-0000-000000078554,OTHERS,730.1388281097708,1419.9414135650113,MIA
315974013.2153839,00000000-0000-0000-0000-000000079139,OTHERS,808.4546347180176,1396.2625075877938,MIA
315974013.2153839,00000000-0000-0000-0000-000000079136,OTHERS,745.2313776239093,1338.0386986609774,MIA
315974013.2153839,00000000-0000-0000-0000-000000079114,OTHERS,731.0630161449375,1385.5264004467285,MIA
315974013.2153839,00000000-0000-0000-0000-000000079111,AGENT,747.0469708743602,1390.3061782765533,MIA
315974013.2153839,00000000-0000-0000-0000-000000079133,OTHERS,731.5026715323927,1440.132716885067,MIA
315974013.2153839,00000000-0000-0000-0000-000000079116,OTHERS,744.7084822506073,1352.7294719157105,MIA
315974013.3159605,00000000-0000-0000-0000-000000000000,AV,729.4847762073816,1412.1506006551786,MIA
315974013.3159605,00000000-0000-0000-0000-000000078849,OTHERS,745.7769514036974,1371.2712158945806,MIA
315974013.3159605,00000000-0000-0000-0000-000000078899,OTHERS,729.0273893511238,1435.6455930750824,MIA
315974013.3159605,00000000-0000-0000-0000-000000077767,OTHERS,732.8550294398738,1404.7075441159675,MIA
315974013.3159605,00000000-0000-0000-0000-000000079026,OTHERS,736.2930019152652,1407.2607795323856,MIA
315974013.3159605,00000000-0000-0000-0000-000000079031,OTHERS,732.5541293829448,1412.9355407283435,MIA
315974013.3159605,00000000-0000-0000-0000-000000078851,OTHERS,728.7752000559246,1427.7980036933834,MIA
315974013.3159605,00000000-0000-0000-0000-000000079063,OTHERS,732.6458685322406,1420.1013111774137,MIA
315974013.3159605,00000000-0000-0000-0000-000000079070,OTHERS,741.1914164791533,1371.0322234230064,MIA
315974013.3159605,00000000-0000-0000-0000-000000079083,OTHERS,732.0493220674533,1428.1518000967803,MIA
315974013.3159605,00000000-0000-0000-0000-000000078554,OTHERS,730.1460167509549,1419.9365929195167,MIA
315974013.3159605,00000000-0000-0000-0000-000000079139,OTHERS,807.5387558308888,1396.2152692455884,MIA
315974013.3159605,00000000-0000-0000-0000-000000079147,OTHERS,828.7827289226282,1389.8523697506098,MIA
315974013.3159605,00000000-0000-0000-0000-000000079142,OTHERS,792.5995444059697,1394.2087271548896,MIA
315974013.3159605,00000000-0000-0000-0000-000000079125,OTHERS,744.9702917970302,1345.5352008974776,MIA
315974013.3159605,00000000-0000-0000-0000-000000079073,OTHERS,744.7555646199338,1362.136502850376,MIA
315974013.3159605,00000000-0000-0000-0000-000000079074,OTHERS,741.657997703938,1426.8835938428836,MIA
315974013.3159605,00000000-0000-0000-0000-000000079113,OTHERS,748.3531209446134,1372.9081002797955,MIA
315974013.3159605,00000000-0000-0000-0000-000000079136,OTHERS,745.2023150851852,1338.2102784642407,MIA
315974013.3159605,00000000-0000-0000-0000-000000079114,OTHERS,730.6877885007657,1385.9157984661576,MIA
315974013.3159605,00000000-0000-0000-0000-000000079111,AGENT,746.8742554226977,1391.1096546675205,MIA
315974013.3159605,00000000-0000-0000-0000-000000079133,OTHERS,731.4803956757387,1439.9973007337014,MIA
315974013.3159605,00000000-0000-0000-0000-000000079116,OTHERS,744.8915446044687,1352.5009011960005,MIA
315974013.3159605,00000000-0000-0000-0000-000000079104,OTHERS,744.84063717067,1364.2190392078855,MIA
315974013.3159605,00000000-0000-0000-0000-000000079100,OTHERS,717.8206108422705,1390.6591798976485,MIA
315974013.3159605,00000000-0000-0000-0000-000000079095,OTHERS,745.4355503606473,1410.569540348116,MIA
315974013.41638213,00000000-0000-0000-0000-000000000000,AV,729.4849809501901,1412.1505160647587,MIA
315974013.41638213,00000000-0000-0000-0000-000000078849,OTHERS,745.8149551216403,1371.3123477036224,MIA
315974013.41638213,00000000-0000-0000-0000-000000078899,OTHERS,729.1497144698102,1435.1632367212685,MIA
315974013.41638213,00000000-0000-0000-0000-000000077767,OTHERS,732.8420731717122,1404.6921541864926,MIA
315974013.41638213,00000000-0000-0000-0000-000000079026,OTHERS,736.3255467352911,1407.2507587729956,MIA
315974013.41638213,00000000-0000-0000-0000-000000079031,OTHERS,732.5617038753592,1412.9472058334454,MIA
315974013.41638213,00000000-0000-0000-0000-000000078851,OTHERS,728.7926447124522,1427.7330962123804,MIA
315974013.41638213,00000000-0000-0000-0000-000000079063,OTHERS,732.6907994759088,1420.1623921186965,MIA
315974013.41638213,00000000-0000-0000-0000-000000079070,OTHERS,741.3158771588188,1370.9793111151193,MIA
315974013.41638213,00000000-0000-0000-0000-000000079083,OTHERS,732.0629130220856,1428.1447154338766,MIA
315974013.41638213,00000000-0000-0000-0000-000000078554,OTHERS,730.1311195936937,1419.9503788859838,MIA
315974013.41638213,00000000-0000-0000-0000-000000079139,OTHERS,806.5403116824423,1396.0943470831824,MIA
315974013.41638213,00000000-0000-0000-0000-000000079147,OTHERS,827.9421351746759,1389.9217885822284,MIA
315974013.41638213,00000000-0000-0000-0000-000000079142,OTHERS,791.6434999153616,1394.3879784739208,MIA
315974013.41638213,00000000-0000-0000-0000-000000079125,OTHERS,745.0073325049233,1345.5228561662075,MIA
315974013.41638213,00000000-0000-0000-0000-000000079073,OTHERS,744.9486628992893,1363.9540467207096,MIA
315974013.41638213,00000000-0000-0000-0000-000000079074,OTHERS,741.5425126239203,1427.9618512347315,MIA
315974013.41638213,00000000-0000-0000-0000-000000079113,OTHERS,748.2917651480681,1373.5448404933134,MIA
315974013.41638213,00000000-0000-0000-0000-000000079136,OTHERS,745.1820090483023,1338.3914504699305,MIA
315974013.41638213,00000000-0000-0000-0000-000000079114,OTHERS,730.2296910652915,1386.3612063640485,MIA
315974013.41638213,00000000-0000-0000-0000-000000079111,AGENT,746.7366180827566,1391.9686929003824,MIA
315974013.41638213,00000000-0000-0000-0000-000000079133,OTHERS,731.6479967731349,1439.6837642399078,MIA
315974013.41638213,00000000-0000-0000-0000-000000079116,OTHERS,744.8144259213601,1352.7284309575118,MIA
315974013.41638213,00000000-0000-0000-0000-000000079104,OTHERS,744.5337409562379,1362.0450596966616,MIA
315974013.41638213,00000000-0000-0000-0000-000000079100,OTHERS,717.2979079379587,1390.6070048609092,MIA
315974013.41638213,00000000-0000-0000-0000-000000079095,OTHERS,745.3110360487857,1411.8252151473416,MIA
315974013.51855737,00000000-0000-0000-0000-000000000000,AV,729.4849020531516,1412.1504414709545,MIA
315974013.51855737,00000000-0000-0000-0000-000000078849,OTHERS,745.7776108282727,1371.2705027341553,MIA
315974013.51855737,00000000-0000-0000-0000-000000078899,OTHERS,729.0289110823401,1435.1656786416993,MIA
315974013.51855737,00000000-0000-0000-0000-000000077767,OTHERS,732.841967057156,1404.6931278305735,MIA
315974013.51855737,00000000-0000-0000-0000-000000079026,OTHERS,736.2667912782738,1407.2383803821772,MIA
315974013.51855737,00000000-0000-0000-0000-000000079031,OTHERS,732.5573405469687,1412.9479331751413,MIA
315974013.51855737,00000000-0000-0000-0000-000000078851,OTHERS,728.7823337004494,1427.6906686562809,MIA
315974013.51855737,00000000-0000-0000-0000-000000079063,OTHERS,732.6141959549141,1420.0962371662906,MIA
315974013.51855737,00000000-0000-0000-0000-000000079070,OTHERS,741.2237518587001,1370.9876435579965,MIA
315974013.51855737,00000000-0000-0000-0000-000000079083,OTHERS,732.0491929662767,1428.0106058906895,MIA
315974013.51855737,00000000-0000-0000-0000-000000079095,OTHERS,745.256808187874,1412.8547442293454,MIA
315974013.51855737,00000000-0000-0000-0000-000000078554,OTHERS,730.1395299624684,1419.9484469108677,MIA
315974013.51855737,00000000-0000-0000-0000-000000079139,OTHERS,805.5542323351285,1396.1262066531594,MIA
315974013.51855737,00000000-0000-0000-0000-000000079147,OTHERS,826.627900348529,1389.8829079030575,MIA
315974013.51855737,00000000-0000-0000-0000-000000079074,OTHERS,741.4408303599782,1429.1375626304748,MIA
315974013.51855737,00000000-0000-0000-0000-000000079113,OTHERS,748.2486846681894,1374.2557311959856,MIA
315974013.51855737,00000000-0000-0000-0000-000000079136,OTHERS,745.1829989493083,1338.4499654336178,MIA
315974013.51855737,00000000-0000-0000-0000-000000079114,OTHERS,729.8037550552235,1386.6733570064075,MIA
315974013.51855737,00000000-0000-0000-0000-000000079125,OTHERS,745.0698436673508,1345.7388980379565,MIA
315974013.51855737,00000000-0000-0000-0000-000000079142,OTHERS,790.5944847794149,1394.4612170097437,MIA
315974013.51855737,00000000-0000-0000-0000-000000079073,OTHERS,744.9552261641524,1364.2052443796726,MIA
315974013.51855737,00000000-0000-0000-0000-000000079111,AGENT,746.6151429242302,1392.7011827144015,MIA
315974013.51855737,00000000-0000-0000-0000-000000079133,OTHERS,731.5854212088922,1439.3464631287725,MIA
315974013.51855737,00000000-0000-0000-0000-000000079116,OTHERS,744.771456470811,1352.6473714704646,MIA
315974013.51855737,00000000-0000-0000-0000-000000079104,OTHERS,744.6527081852582,1362.0244578809727,MIA
315974013.51855737,00000000-0000-0000-0000-000000079100,OTHERS,716.0860285138176,1390.7209682002454,MIA
315974013.6178007,00000000-0000-0000-0000-000000000000,AV,729.4853025830581,1412.1503260511734,MIA
315974013.6178007,00000000-0000-0000-0000-000000078849,OTHERS,745.8341580201683,1371.3067014045755,MIA
315974013.6178007,00000000-0000-0000-0000-000000078899,OTHERS,729.0429933383258,1435.156132098157,MIA
315974013.6178007,00000000-0000-0000-0000-000000077767,OTHERS,732.8429324823401,1404.6985621578976,MIA
315974013.6178007,00000000-0000-0000-0000-000000079026,OTHERS,736.2804450912697,1407.2174999303945,MIA
315974013.6178007,00000000-0000-0000-0000-000000079031,OTHERS,732.5528647348874,1412.9398587145272,MIA
315974013.6178007,00000000-0000-0000-0000-000000078851,OTHERS,728.7829218562987,1427.6448129999164,MIA
315974013.6178007,00000000-0000-0000-0000-000000079063,OTHERS,732.6918873740483,1420.1669389021438,MIA
315974013.6178007,00000000-0000-0000-0000-000000079070,OTHERS,741.1603143040093,1371.0440081098104,MIA
315974013.6178007,00000000-0000-0000-0000-000000079083,OTHERS,732.0809608700454,1428.0227710324664,MIA
315974013.6178007,00000000-0000-0000-0000-000000079095,OTHERS,745.1315226557514,1413.7992660317475,MIA
315974013.6178007,00000000-0000-0000-0000-000000078554,OTHERS,730.1444203301852,1419.9470411546356,MIA
315974013.6178007,00000000-0000-0000-0000-000000079139,OTHERS,805.5542323351285,1396.1262066531594,MIA
315974013.6178007,00000000-0000-0000-0000-000000079147,OTHERS,825.8983507808142,1390.1419230701467,MIA
315974013.6178007,00000000-0000-0000-0000-000000079074,OTHERS,741.2925904057935,1430.3298512004974,MIA
315974013.6178007,00000000-0000-0000-0000-000000079113,OTHERS,748.1256049876939,1375.1108626720566,MIA
315974013.6178007,00000000-0000-0000-0000-000000079136,OTHERS,745.1829989493083,1338.4499654336178,MIA
315974013.6178007,00000000-0000-0000-0000-000000079114,OTHERS,729.3655976293737,1387.047986477928,MIA
315974013.6178007,00000000-0000-0000-0000-000000079125,OTHERS,744.9858946555638,1345.6878419737586,MIA
315974013.6178007,00000000-0000-0000-0000-000000079142,OTHERS,789.5536329431967,1394.5143753149378,MIA
315974013.6178007,00000000-0000-0000-0000-000000079073,OTHERS,744.9554911331493,1364.1508640756344,MIA
315974013.6178007,00000000-0000-0000-0000-000000079111,AGENT,746.5161773747052,1393.5110020651416,MIA
315974013.6178007,00000000-0000-0000-0000-000000079133,OTHERS,732.042604350587,1438.748441047267,MIA
315974013.6178007,00000000-0000-0000-0000-000000079116,OTHERS,744.7600078961319,1352.5612032789495,MIA
315974013.6178007,00000000-0000-0000-0000-000000079104,OTHERS,744.7440526102322,1362.1116691222044,MIA
315974013.6178007,00000000-0000-0000-0000-000000079100,OTHERS,715.2385044827513,1390.6531208193194,MIA
315974013.7157087,00000000-0000-0000-0000-000000000000,AV,729.4854113282362,1412.1504018048029,MIA
315974013.7157087,00000000-0000-0000-0000-000000078849,OTHERS,745.897911830568,1371.2376287588538,MIA
315974013.7157087,00000000-0000-0000-0000-000000077767,OTHERS,732.8412809506981,1404.6865385055662,MIA
315974013.7157087,00000000-0000-0000-0000-000000079026,OTHERS,736.2809764692261,1407.270552491997,MIA
315974013.7157087,00000000-0000-0000-0000-000000079031,OTHERS,732.5602292165802,1412.9450054828933,MIA
315974013.7157087,00000000-0000-0000-0000-000000078851,OTHERS,728.7718601193684,1427.532090843147,MIA
315974013.7157087,00000000-0000-0000-0000-000000079063,OTHERS,732.7104331080409,1420.1355126706524,MIA
315974013.7157087,00000000-0000-0000-0000-000000079070,OTHERS,741.3093333003109,1370.990414354594,MIA
315974013.7157087,00000000-0000-0000-0000-000000079073,OTHERS,744.9541047505528,1364.2083576101952,MIA
315974013.7157087,00000000-0000-0000-0000-000000079083,OTHERS,732.0718332799298,1427.8935891333394,MIA
315974013.7157087,00000000-0000-0000-0000-000000078554,OTHERS,730.1378744579193,1419.938224466627,MIA
315974013.7157087,00000000-0000-0000-0000-000000079139,OTHERS,803.6026361023929,1395.9681004509475,MIA
315974013.7157087,00000000-0000-0000-0000-000000078899,OTHERS,729.0826848137538,1435.1812666681385,MIA
315974013.7157087,00000000-0000-0000-0000-000000079074,OTHERS,741.1933949985972,1431.4820497264689,MIA
315974013.7157087,00000000-0000-0000-0000-000000079113,OTHERS,748.0412178498178,1375.8605506690424,MIA
315974013.7157087,00000000-0000-0000-0000-000000079147,OTHERS,824.8899846742966,1390.1234843152074,MIA
315974013.7157087,00000000-0000-0000-0000-000000079142,OTHERS,789.5536329431967,1394.5143753149378,MIA
315974013.7157087,00000000-0000-0000-0000-000000079125,OTHERS,744.8484820071567,1345.795347618853,MIA
315974013.7157087,00000000-0000-0000-0000-000000079150,OTHERS,748.9844987776268,1355.0350224204515,MIA
315974013.7157087,00000000-0000-0000-0000-000000079136,OTHERS,745.1274886122404,1338.6567111258114,MIA
315974013.7157087,00000000-0000-0000-0000-000000079114,OTHERS,728.8905801582276,1387.422064151726,MIA
315974013.7157087,00000000-0000-0000-0000-000000079111,AGENT,746.3758769031915,1394.2601620496314,MIA
315974013.7157087,00000000-0000-0000-0000-000000079133,OTHERS,731.9978514753689,1438.4691417996164,MIA
315974013.7157087,00000000-0000-0000-0000-000000079116,OTHERS,744.7182802477623,1352.758787597496,MIA
315974013.7157087,00000000-0000-0000-0000-000000079104,OTHERS,744.6493289569682,1362.1857558746738,MIA
315974013.7157087,00000000-0000-0000-0000-000000079100,OTHERS,713.9068143273055,1390.9461368127606,MIA
315974013.7157087,00000000-0000-0000-0000-000000079095,OTHERS,745.1356633251182,1414.790856054569,MIA
315974013.81613696,00000000-0000-0000-0000-000000000000,AV,729.4857723299257,1412.1504913720753,MIA
315974013.81613696,00000000-0000-0000-0000-000000078849,OTHERS,745.9237101898102,1371.143007180519,MIA
315974013.81613696,00000000-0000-0000-0000-000000077767,OTHERS,732.8551266440977,1404.707636655389,MIA
315974013.81613696,00000000-0000-0000-0000-000000079026,OTHERS,736.3059820311041,1407.2433480738598,MIA
315974013.81613696,00000000-0000-0000-0000-000000079031,OTHERS,732.5596416552817,1412.948268551566,MIA
315974013.81613696,00000000-0000-0000-0000-000000078851,OTHERS,728.7971092631917,1427.4872805438456,MIA
315974013.81613696,00000000-0000-0000-0000-000000079063,OTHERS,732.6134237825041,1420.1154421728875,MIA
315974013.81613696,00000000-0000-0000-0000-000000079070,OTHERS,741.2767633988103,1370.8927381584244,MIA
315974013.81613696,00000000-0000-0000-0000-000000079073,OTHERS,744.8177686608328,1363.8715453975224,MIA
315974013.81613696,00000000-0000-0000-0000-000000079083,OTHERS,732.0325190605539,1427.8905824125138,MIA
315974013.81613696,00000000-0000-0000-0000-000000079095,OTHERS,745.1257020445065,1415.8495193801602,MIA
315974013.81613696,00000000-0000-0000-0000-000000078899,OTHERS,728.8932022276692,1435.604937490639,MIA
315974013.81613696,00000000-0000-0000-0000-000000079074,OTHERS,741.1831582787199,1432.503137563353,MIA
315974013.81613696,00000000-0000-0000-0000-000000079113,OTHERS,747.912984312073,1376.734517445627,MIA
315974013.81613696,00000000-0000-0000-0000-000000079150,OTHERS,748.9743242287883,1355.6748673549127,MIA
315974013.81613696,00000000-0000-0000-0000-000000079136,OTHERS,745.0695650691753,1338.6567883484688,MIA
315974013.81613696,00000000-0000-0000-0000-000000079114,OTHERS,728.4512017183473,1387.7573617946325,MIA
315974013.81613696,00000000-0000-0000-0000-000000079147,OTHERS,824.8899846742966,1390.1234843152074,MIA
315974013.81613696,00000000-0000-0000-0000-000000079142,OTHERS,789.5536329431967,1394.5143753149378,MIA
315974013.81613696,00000000-0000-0000-0000-000000079125,OTHERS,745.0198207875743,1345.8972522236454,MIA
315974013.81613696,00000000-0000-0000-0000-000000078554,OTHERS,730.1405708818367,1419.9356014134714,MIA
315974013.81613696,00000000-0000-0000-0000-000000079139,OTHERS,802.6303158215953,1396.3028413495447,MIA
315974013.81613696,00000000-0000-0000-0000-000000079116,OTHERS,744.939293468647,1352.4245269564576,MIA
315974013.81613696,00000000-0000-0000-0000-000000079133,OTHERS,732.0233639691497,1438.2807809809742,MIA
315974013.81613696,00000000-0000-0000-0000-000000079111,AGENT,746.2600447610744,1395.1308622553092,MIA
315974013.81613696,00000000-0000-0000-0000-000000079104,OTHERS,744.7484826344438,1362.2267631713628,MIA
315974013.81613696,00000000-0000-0000-0000-000000079100,OTHERS,713.4870643087118,1390.6621092329892,MIA
315974013.9206228,00000000-0000-0000-0000-000000000000,AV,729.4856302125016,1412.1503862826041,MIA
315974013.9206228,00000000-0000-0000-0000-000000078849,OTHERS,745.7989263308757,1371.1972604983107,MIA
315974013.9206228,00000000-0000-0000-0000-000000077767,OTHERS,732.8421269088274,1404.6912567008792,MIA
315974013.9206228,00000000-0000-0000-0000-000000079026,OTHERS,736.278597631984,1407.2852322915908,MIA
315974013.9206228,00000000-0000-0000-0000-000000079031,OTHERS,732.5610930998068,1412.9436181770373,MIA
315974013.9206228,00000000-0000-0000-0000-000000078851,OTHERS,728.7629700842998,1427.393608857867,MIA
315974013.9206228,00000000-0000-0000-0000-000000079063,OTHERS,732.6323334249032,1420.069631102738,MIA
315974013.9206228,00000000-0000-0000-0000-000000079070,OTHERS,741.1381345367132,1370.9577367312856,MIA
315974013.9206228,00000000-0000-0000-0000-000000079073,OTHERS,744.9575592357597,1364.1808682875142,MIA
315974013.9206228,00000000-0000-0000-0000-000000079074,OTHERS,741.0689749161577,1433.3125489372517,MIA
315974013.9206228,00000000-0000-0000-0000-000000079083,OTHERS,732.0403553590194,1427.8118366388235,MIA
315974013.9206228,00000000-0000-0000-0000-000000078554,OTHERS,730.142142923893,1419.9424197072085,MIA
315974013.9206228,00000000-0000-0000-0000-000000079139,OTHERS,801.7544526987756,1396.318653681863,MIA
315974013.9206228,00000000-0000-0000-0000-000000078899,OTHERS,729.4962233037999,1434.956640783667,MIA
315974013.9206228,00000000-0000-0000-0000-000000079150,OTHERS,748.9940094013039,1356.2605272018864,MIA
315974013.9206228,00000000-0000-0000-0000-000000079136,OTHERS,745.1312086258348,1338.8537674498818,MIA
315974013.9206228,00000000-0000-0000-0000-000000079114,OTHERS,727.9027053848628,1388.1325640771765,MIA
315974013.9206228,00000000-0000-0000-0000-000000079147,OTHERS,824.8899846742966,1390.1234843152074,MIA
315974013.9206228,00000000-0000-0000-0000-000000079142,OTHERS,789.5536329431967,1394.5143753149378,MIA
315974013.9206228,00000000-0000-0000-0000-000000079125,OTHERS,744.8771920446218,1345.563470256182,MIA
315974013.9206228,00000000-0000-0000-0000-000000079116,OTHERS,744.7197117605048,1352.6589757477914,MIA
315974013.9206228,00000000-0000-0000-0000-000000079133,OTHERS,732.0285138745394,1438.0971638156916,MIA
315974013.9206228,00000000-0000-0000-0000-000000079111,AGENT,746.1483149467907,1395.8908874072656,MIA
315974013.9206228,00000000-0000-0000-0000-000000079113,OTHERS,747.7813159707403,1377.4731213839868,MIA
315974013.9206228,00000000-0000-0000-0000-000000079104,OTHERS,744.6259966750447,1362.114850496304,MIA
315974013.9206228,00000000-0000-0000-0000-000000079100,OTHERS,711.9293565666466,1390.792403689707,MIA
315974013.9206228,00000000-0000-0000-0000-000000079095,OTHERS,745.0747805475856,1416.9587261775744,MIA
315974014.01985085,00000000-0000-0000-0000-000000000000,AV,729.485838920419,1412.1504707856425,MIA
315974014.01985085,00000000-0000-0000-0000-000000078849,OTHERS,745.8540749706386,1371.335071895301,MIA
315974014.01985085,00000000-0000-0000-0000-000000079031,OTHERS,732.5551975812732,1412.9317575477128,MIA
315974014.01985085,00000000-0000-0000-0000-000000078851,OTHERS,728.7890164959277,1427.4031528179278,MIA
315974014.01985085,00000000-0000-0000-0000-000000079063,OTHERS,732.6908114091444,1420.135528140979,MIA
315974014.01985085,00000000-0000-0000-0000-000000079070,OTHERS,741.2159572903923,1371.1372673416804,MIA
315974014.01985085,00000000-0000-0000-0000-000000079073,OTHERS,744.7796335200802,1363.899649052031,MIA
315974014.01985085,00000000-0000-0000-0000-000000079074,OTHERS,741.0868524124019,1434.4250363793906,MIA
315974014.01985085,00000000-0000-0000-0000-000000079083,OTHERS,732.0334719740538,1427.7511252302984,MIA
315974014.01985085,00000000-0000-0000-0000-000000078554,OTHERS,730.1415798331383,1419.944058928513,MIA
315974014.01985085,00000000-0000-0000-0000-000000079139,OTHERS,800.9574644858609,1396.1030692249744,MIA
315974014.01985085,00000000-0000-0000-0000-000000079150,OTHERS,748.9578373066174,1356.6376332862458,MIA
315974014.01985085,00000000-0000-0000-0000-000000079136,OTHERS,745.1312086258348,1338.8537674498818,MIA
315974014.01985085,00000000-0000-0000-0000-000000079114,OTHERS,727.3596424925403,1388.565299871235,MIA
315974014.01985085,00000000-0000-0000-0000-000000079147,OTHERS,824.8899846742966,1390.1234843152074,MIA
315974014.01985085,00000000-0000-0000-0000-000000079125,OTHERS,744.897709310479,1345.7824526072366,MIA
315974014.01985085,00000000-0000-0000-0000-000000078899,OTHERS,729.0452578564598,1435.1653254860375,MIA
315974014.01985085,00000000-0000-0000-0000-000000077767,OTHERS,732.8463356069559,1404.7034638109708,MIA
315974014.01985085,00000000-0000-0000-0000-000000079026,OTHERS,736.310581910891,1407.2636712087565,MIA
315974014.01985085,00000000-0000-0000-0000-000000079116,OTHERS,744.7123787322093,1352.5679983340938,MIA
315974014.01985085,00000000-0000-0000-0000-000000079133,OTHERS,731.6372577258754,1438.8783423361594,MIA
315974014.01985085,00000000-0000-0000-0000-000000079111,AGENT,746.0194517337371,1396.712769885108,MIA
315974014.01985085,00000000-0000-0000-0000-000000079113,OTHERS,747.5904238015368,1378.4745103843948,MIA
315974014.01985085,00000000-0000-0000-0000-000000079104,OTHERS,744.8907958491556,1362.2643846956753,MIA
315974014.01985085,00000000-0000-0000-0000-000000079100,OTHERS,711.4797762163008,1390.4742460698099,MIA
315974014.01985085,00000000-0000-0000-0000-000000079095,OTHERS,744.9944692011919,1418.0194654546785,MIA
315974014.1244546,00000000-0000-0000-0000-000000000000,AV,729.4857723582434,1412.1503459934613,MIA
315974014.1244546,00000000-0000-0000-0000-000000078849,OTHERS,745.8142425378958,1371.2191175642936,MIA
315974014.1244546,00000000-0000-0000-0000-000000079031,OTHERS,732.5714059385933,1412.955566015179,MIA
315974014.1244546,00000000-0000-0000-0000-000000078851,OTHERS,728.7911694753717,1427.3506314800045,MIA
315974014.1244546,00000000-0000-0000-0000-000000079063,OTHERS,732.6684793900907,1420.1319339702645,MIA
315974014.1244546,00000000-0000-0000-0000-000000079070,OTHERS,741.2708507583422,1371.1332977092281,MIA
315974014.1244546,00000000-0000-0000-0000-000000079073,OTHERS,745.0326271183546,1364.1338176805998,MIA
315974014.1244546,00000000-0000-0000-0000-000000079074,OTHERS,741.0131612795178,1435.596530193299,MIA
315974014.1244546,00000000-0000-0000-0000-000000078554,OTHERS,730.1341751698578,1419.9482901581039,MIA
315974014.1244546,00000000-0000-0000-0000-000000079139,OTHERS,799.8847691378239,1395.903220255106,MIA
315974014.1244546,00000000-0000-0000-0000-000000079150,OTHERS,748.9492478032739,1357.2476718685793,MIA
315974014.1244546,00000000-0000-0000-0000-000000079136,OTHERS,745.1312086258348,1338.8537674498818,MIA
315974014.1244546,00000000-0000-0000-0000-000000079114,OTHERS,726.9327209771382,1388.8096205269635,MIA
315974014.1244546,00000000-0000-0000-0000-000000078899,OTHERS,729.0480791544283,1435.1227085882206,MIA
315974014.1244546,00000000-0000-0000-0000-000000077767,OTHERS,732.8461995898327,1404.6808417164625,MIA
315974014.1244546,00000000-0000-0000-0000-000000079026,OTHERS,736.3062185294325,1407.2534280188975,MIA
315974014.1244546,00000000-0000-0000-0000-000000079116,OTHERS,744.7888555574484,1352.710949765391,MIA
315974014.1244546,00000000-0000-0000-0000-000000079133,OTHERS,731.5324064258684,1438.095478373023,MIA
315974014.1244546,00000000-0000-0000-0000-000000079111,AGENT,745.8848779833118,1397.5119959555325,MIA
315974014.1244546,00000000-0000-0000-0000-000000079125,OTHERS,744.9546329532832,1345.9517608284534,MIA
315974014.1244546,00000000-0000-0000-0000-000000079113,OTHERS,747.539146591111,1379.2664845304407,MIA
315974014.1244546,00000000-0000-0000-0000-000000079104,OTHERS,744.5679326184227,1362.1250441262234,MIA
315974014.1244546,00000000-0000-0000-0000-000000079100,OTHERS,711.1484311686444,1390.3430795581976,MIA
315974014.1244546,00000000-0000-0000-0000-000000079095,OTHERS,744.9241068603094,1419.0625475823608,MIA
315974014.1244546,00000000-0000-0000-0000-000000079083,OTHERS,732.0294063203265,1427.7014655490914,MIA
315974014.21629316,00000000-0000-0000-0000-000000000000,AV,729.4857812175354,1412.1501561135744,MIA
315974014.21629316,00000000-0000-0000-0000-000000078849,OTHERS,745.7762680992865,1371.2431571631028,MIA
315974014.21629316,00000000-0000-0000-0000-000000079031,OTHERS,732.5548884348868,1412.9384277423535,MIA
315974014.21629316,00000000-0000-0000-0000-000000078851,OTHERS,728.8060544771791,1427.2691559632553,MIA
315974014.21629316,00000000-0000-0000-0000-000000079063,OTHERS,732.6345379337743,1420.1106951432917,MIA
315974014.21629316,00000000-0000-0000-0000-000000079070,OTHERS,741.1944860925694,1371.0368280475052,MIA
315974014.21629316,00000000-0000-0000-0000-000000079073,OTHERS,744.9224945268442,1364.1589090050575,MIA
315974014.21629316,00000000-0000-0000-0000-000000079074,OTHERS,741.0010629939728,1436.6904731655097,MIA
315974014.21629316,00000000-0000-0000-0000-000000079083,OTHERS,732.0256821875888,1427.690195975978,MIA
315974014.21629316,00000000-0000-0000-0000-000000079100,OTHERS,710.386534724145,1390.2461882628054,MIA
315974014.21629316,00000000-0000-0000-0000-000000077767,OTHERS,732.8532327304982,1404.703976207225,MIA
315974014.21629316,00000000-0000-0000-0000-000000079026,OTHERS,736.3000053756552,1407.2871657526746,MIA
315974014.21629316,00000000-0000-0000-0000-000000078899,OTHERS,729.5132984699377,1434.9607337039056,MIA
315974014.21629316,00000000-0000-0000-0000-000000079095,OTHERS,744.8615723066298,1420.0742302855758,MIA
315974014.21629316,00000000-0000-0000-0000-000000079125,OTHERS,744.8895585185593,1345.9930516889422,MIA
315974014.21629316,00000000-0000-0000-0000-000000079104,OTHERS,744.5238856142317,1362.1340181881253,MIA
315974014.21629316,00000000-0000-0000-0000-000000079150,OTHERS,748.7894525431424,1357.8412812541314,MIA
315974014.21629316,00000000-0000-0000-0000-000000079136,OTHERS,745.1312086258348,1338.8537674498818,MIA
315974014.21629316,00000000-0000-0000-0000-000000079114,OTHERS,726.3186601550096,1389.0886128730808,MIA
315974014.21629316,00000000-0000-0000-0000-000000078554,OTHERS,730.1391957676697,1419.950813510064,MIA
315974014.21629316,00000000-0000-0000-0000-000000079139,OTHERS,799.0929082399615,1396.253256371322,MIA
315974014.21629316,00000000-0000-0000-0000-000000079116,OTHERS,744.8937018776753,1352.5837092293816,MIA
315974014.21629316,00000000-0000-0000-0000-000000079133,OTHERS,731.7424947883504,1438.6566370519733,MIA
315974014.21629316,00000000-0000-0000-0000-000000079111,AGENT,745.7516615510568,1398.3979276733826,MIA
315974014.21629316,00000000-0000-0000-0000-000000079113,OTHERS,747.2616904049079,1380.1979676492194,MIA
315974014.3153347,00000000-0000-0000-0000-000000000000,AV,729.4858435431797,1412.1501956035129,MIA
315974014.3153347,00000000-0000-0000-0000-000000078849,OTHERS,745.8258263164633,1371.1982292345924,MIA
315974014.3153347,00000000-0000-0000-0000-000000077767,OTHERS,732.8424709154277,1404.6820102787444,MIA
315974014.3153347,00000000-0000-0000-0000-000000079026,OTHERS,736.3040209173278,1407.2582435819302,MIA
315974014.3153347,00000000-0000-0000-0000-000000079031,OTHERS,732.5552548201097,1412.9314855592584,MIA
315974014.3153347,00000000-0000-0000-0000-000000078851,OTHERS,728.7824251984466,1427.250306186854,MIA
315974014.3153347,00000000-0000-0000-0000-000000079063,OTHERS,732.7097249964569,1420.1413350381895,MIA
315974014.3153347,00000000-0000-0000-0000-000000079070,OTHERS,741.158773191072,1370.9402365924518,MIA
315974014.3153347,00000000-0000-0000-0000-000000079073,OTHERS,744.9358463805313,1364.1583393575495,MIA
315974014.3153347,00000000-0000-0000-0000-000000079074,OTHERS,741.0001366442958,1437.8071505120429,MIA
315974014.3153347,00000000-0000-0000-0000-000000079083,OTHERS,732.0312481962759,1427.604321921993,MIA
315974014.3153347,00000000-0000-0000-0000-000000079150,OTHERS,748.7223408501545,1358.3853120556876,MIA
315974014.3153347,00000000-0000-0000-0000-000000079114,OTHERS,725.8563590747096,1389.3875765960438,MIA
315974014.3153347,00000000-0000-0000-0000-000000078899,OTHERS,729.0563821325003,1435.1053445290647,MIA
315974014.3153347,00000000-0000-0000-0000-000000079125,OTHERS,744.8895585185593,1345.9930516889422,MIA
315974014.3153347,00000000-0000-0000-0000-000000079104,OTHERS,744.6217393430951,1362.063105445283,MIA
315974014.3153347,00000000-0000-0000-0000-000000078554,OTHERS,730.1305812407165,1419.949568621608,MIA
315974014.3153347,00000000-0000-0000-0000-000000079139,OTHERS,798.0403219322505,1396.2202061220712,MIA
315974014.3153347,00000000-0000-0000-0000-000000079116,OTHERS,744.7501554960146,1352.8644990236726,MIA
315974014.3153347,00000000-0000-0000-0000-000000079133,OTHERS,731.8095336409536,1438.5346979668946,MIA
315974014.3153347,00000000-0000-0000-0000-000000079111,AGENT,745.6863750277913,1399.163079836539,MIA
315974014.3153347,00000000-0000-0000-0000-000000079113,OTHERS,747.2044734472604,1380.9473717831072,MIA
315974014.3153347,00000000-0000-0000-0000-000000079100,OTHERS,709.6477108072587,1390.1609726606664,MIA
315974014.3153347,00000000-0000-0000-0000-000000079095,OTHERS,744.7633074542557,1421.2548474391647,MIA
315974014.4357647,00000000-0000-0000-0000-000000000000,AV,729.4856941762309,1412.1499374913762,MIA
315974014.4357647,00000000-0000-0000-0000-000000078849,OTHERS,745.8083102640325,1371.243544733141,MIA
315974014.4357647,00000000-0000-0000-0000-000000077767,OTHERS,732.8449266656684,1404.692307489112,MIA
315974014.4357647,00000000-0000-0000-0000-000000079026,OTHERS,736.2543493851358,1407.274063872508,MIA
315974014.4357647,00000000-0000-0000-0000-000000079031,OTHERS,732.5568944668199,1412.9344445031295,MIA
315974014.4357647,00000000-0000-0000-0000-000000078851,OTHERS,728.7871465366925,1427.1720689783624,MIA
315974014.4357647,00000000-0000-0000-0000-000000079070,OTHERS,741.1273023259622,1370.9655627892998,MIA
315974014.4357647,00000000-0000-0000-0000-000000079073,OTHERS,744.9620217224804,1364.1942514200987,MIA
315974014.4357647,00000000-0000-0000-0000-000000079074,OTHERS,741.0001366442958,1437.8071505120429,MIA
315974014.4357647,00000000-0000-0000-0000-000000079083,OTHERS,732.0376733965277,1427.5619196987195,MIA
315974014.4357647,00000000-0000-0000-0000-000000079100,OTHERS,708.9547451470343,1390.0523702994824,MIA
315974014.4357647,00000000-0000-0000-0000-000000079095,OTHERS,744.6468803750201,1422.2513040700835,MIA
315974014.4357647,00000000-0000-0000-0000-000000079125,OTHERS,744.8883476172857,1345.741027240171,MIA
315974014.4357647,00000000-0000-0000-0000-000000079104,OTHERS,744.5929221782753,1362.1213779453947,MIA
315974014.4357647,00000000-0000-0000-0000-000000079063,OTHERS,732.680146819452,1420.1225589695891,MIA
315974014.4357647,00000000-0000-0000-0000-000000078899,OTHERS,729.5262145223111,1434.8937148391394,MIA
315974014.4357647,00000000-0000-0000-0000-000000079150,OTHERS,748.6700133521689,1358.9408337092564,MIA
315974014.4357647,00000000-0000-0000-0000-000000079114,OTHERS,725.1595461532718,1389.6894654826376,MIA
315974014.4357647,00000000-0000-0000-0000-000000078554,OTHERS,730.1300803108229,1419.9870658746809,MIA
315974014.4357647,00000000-0000-0000-0000-000000079139,OTHERS,797.2880196329788,1396.2124587736207,MIA
315974014.4357647,00000000-0000-0000-0000-000000079111,AGENT,745.6012438719542,1399.9569365385642,MIA
315974014.4357647,00000000-0000-0000-0000-000000079158,OTHERS,780.6620005322311,1393.7662546453414,MIA
315974014.4357647,00000000-0000-0000-0000-000000079133,OTHERS,731.601207397852,1438.4291508401272,MIA
315974014.4357647,00000000-0000-0000-0000-000000079116,OTHERS,744.7876888606961,1352.7040128811898,MIA
315974014.4357647,00000000-0000-0000-0000-000000079113,OTHERS,747.0913930549463,1381.9027892720098,MIA
315974014.52169067,00000000-0000-0000-0000-000000000000,AV,729.4855369715613,1412.1500167248453,MIA
315974014.52169067,00000000-0000-0000-0000-000000078849,OTHERS,745.8621173622772,1371.280020660776,MIA
315974014.52169067,00000000-0000-0000-0000-000000077767,OTHERS,732.8488565097699,1404.7130610807592,MIA
315974014.52169067,00000000-0000-0000-0000-000000079026,OTHERS,736.2844613514552,1407.250139414898,MIA
315974014.52169067,00000000-0000-0000-0000-000000079031,OTHERS,732.5637088491327,1412.9465980824045,MIA
315974014.52169067,00000000-0000-0000-0000-000000078851,OTHERS,728.7924085531143,1427.1161511763364,MIA
315974014.52169067,00000000-0000-0000-0000-000000079070,OTHERS,741.4016711311654,1370.994783507897,MIA
315974014.52169067,00000000-0000-0000-0000-000000079073,OTHERS,744.9350431065183,1363.9489148253372,MIA
315974014.52169067,00000000-0000-0000-0000-000000079074,OTHERS,741.0001366442958,1437.8071505120429,MIA
315974014.52169067,00000000-0000-0000-0000-000000079083,OTHERS,732.0540962647615,1427.568752605442,MIA
315974014.52169067,00000000-0000-0000-0000-000000079100,OTHERS,707.8816559598639,1390.0436847735666,MIA
315974014.52169067,00000000-0000-0000-0000-000000079104,OTHERS,744.7350385022113,1362.2490492213428,MIA
315974014.52169067,00000000-0000-0000-0000-000000079095,OTHERS,744.6025197921463,1423.3480252417871,MIA
315974014.52169067,00000000-0000-0000-0000-000000079125,OTHERS,744.9072321841087,1345.9393656361453,MIA
315974014.52169067,00000000-0000-0000-0000-000000079157,OTHERS,684.8342377357517,1388.001155815377,MIA
315974014.52169067,00000000-0000-0000-0000-000000079063,OTHERS,732.6288679081258,1420.086833644139,MIA
315974014.52169067,00000000-0000-0000-0000-000000078899,OTHERS,729.1053478798424,1435.06030981259,MIA
315974014.52169067,00000000-0000-0000-0000-000000079150,OTHERS,748.5635499953772,1359.5204029888241,MIA
315974014.52169067,00000000-0000-0000-0000-000000079114,OTHERS,724.6652769704725,1389.8289360829676,MIA
315974014.52169067,00000000-0000-0000-0000-000000078554,OTHERS,730.1409359838997,1419.9533540314947,MIA
315974014.52169067,00000000-0000-0000-0000-000000079139,OTHERS,796.4648273681563,1396.5993664986286,MIA
315974014.52169067,00000000-0000-0000-0000-000000079111,AGENT,745.5305904400979,1400.7998075835571,MIA
315974014.52169067,00000000-0000-0000-0000-000000079158,OTHERS,779.8019427647812,1393.8921682608218,MIA
315974014.52169067,00000000-0000-0000-0000-000000079133,OTHERS,731.6691508951393,1438.195088596872,MIA
315974014.52169067,00000000-0000-0000-0000-000000079116,OTHERS,744.7321383235925,1352.569795257812,MIA
315974014.52169067,00000000-0000-0000-0000-000000079113,OTHERS,746.7834780574594,1382.9173310178494,MIA
315974014.62447166,00000000-0000-0000-0000-000000000000,AV,729.4855866291272,1412.1499603874438,MIA
315974014.62447166,00000000-0000-0000-0000-000000078849,OTHERS,745.8111951458056,1371.2859856448513,MIA
315974014.62447166,00000000-0000-0000-0000-000000077767,OTHERS,732.8534750755832,1404.7122367884742,MIA
315974014.62447166,00000000-0000-0000-0000-000000079026,OTHERS,736.2793320485761,1407.2968081631839,MIA
315974014.62447166,00000000-0000-0000-0000-000000079031,OTHERS,732.5615901841051,1412.945784646631,MIA
315974014.62447166,00000000-0000-0000-0000-000000078851,OTHERS,728.7938947089322,1427.0363724516903,MIA
315974014.62447166,00000000-0000-0000-0000-000000079070,OTHERS,741.1697212292488,1370.9677840121294,MIA
315974014.62447166,00000000-0000-0000-0000-000000079073,OTHERS,744.9024999735349,1364.1931690285905,MIA
315974014.62447166,00000000-0000-0000-0000-000000079074,OTHERS,741.0001366442958,1437.8071505120429,MIA
315974014.62447166,00000000-0000-0000-0000-000000079083,OTHERS,732.0390570096074,1427.4772887032987,MIA
315974014.62447166,00000000-0000-0000-0000-000000079095,OTHERS,744.5213323437686,1424.4448999603146,MIA
315974014.62447166,00000000-0000-0000-0000-000000079100,OTHERS,707.7389969624174,1389.8110035545599,MIA
315974014.62447166,00000000-0000-0000-0000-000000079104,OTHERS,744.6022068878589,1362.1147703529264,MIA
315974014.62447166,00000000-0000-0000-0000-000000079157,OTHERS,684.43389231393,1387.8862808524148,MIA
315974014.62447166,00000000-0000-0000-0000-000000079125,OTHERS,744.8707312415609,1345.9573142593015,MIA
315974014.62447166,00000000-0000-0000-0000-000000079063,OTHERS,732.7119672834866,1420.1417367030801,MIA
315974014.62447166,00000000-0000-0000-0000-000000079150,OTHERS,748.5635499953772,1359.5204029888241,MIA
315974014.62447166,00000000-0000-0000-0000-000000079114,OTHERS,724.0528501956427,1390.1072237552048,MIA
315974014.62447166,00000000-0000-0000-0000-000000078899,OTHERS,729.1630600494783,1435.0487983096698,MIA
315974014.62447166,00000000-0000-0000-0000-000000078554,OTHERS,730.1318166310643,1419.9471244822555,MIA
315974014.62447166,00000000-0000-0000-0000-000000079139,OTHERS,795.5769065371326,1396.5218576265756,MIA
315974014.62447166,00000000-0000-0000-0000-000000079160,OTHERS,731.2764171417817,1450.0208596159732,MIA
315974014.62447166,00000000-0000-0000-0000-000000079111,AGENT,745.4307286016223,1401.5225578383206,MIA
315974014.62447166,00000000-0000-0000-0000-000000079158,OTHERS,779.1091849369916,1393.8665889118747,MIA
315974014.62447166,00000000-0000-0000-0000-000000079133,OTHERS,731.6932301455327,1438.0893890040106,MIA
315974014.62447166,00000000-0000-0000-0000-000000079116,OTHERS,744.8565891149153,1352.542311818562,MIA
315974014.62447166,00000000-0000-0000-0000-000000079113,OTHERS,746.735731114911,1383.5850368739245,MIA
315974014.72703683,00000000-0000-0000-0000-000000000000,AV,729.4853505716742,1412.1498487062836,MIA
315974014.72703683,00000000-0000-0000-0000-000000078849,OTHERS,745.8566543801236,1371.197191910323,MIA
315974014.72703683,00000000-0000-0000-0000-000000077767,OTHERS,732.8376452917336,1404.6920993043418,MIA
315974014.72703683,00000000-0000-0000-0000-000000079026,OTHERS,736.3098843027362,1407.2920557270625,MIA
315974014.72703683,00000000-0000-0000-0000-000000079031,OTHERS,732.5525474586128,1412.9299365270422,MIA
315974014.72703683,00000000-0000-0000-0000-000000078851,OTHERS,728.8148044266318,1427.0002605262493,MIA
315974014.72703683,00000000-0000-0000-0000-000000079063,OTHERS,732.6820164301428,1420.1523569416422,MIA
315974014.72703683,00000000-0000-0000-0000-000000079070,OTHERS,741.3425574184114,1371.000550282987,MIA
315974014.72703683,00000000-0000-0000-0000-000000079073,OTHERS,744.950447115719,1364.1596532914218,MIA
315974014.72703683,00000000-0000-0000-0000-000000079083,OTHERS,732.0238610376947,1427.4734779225546,MIA
315974014.72703683,00000000-0000-0000-0000-000000079095,OTHERS,744.4617664704193,1425.5704259801612,MIA
315974014.72703683,00000000-0000-0000-0000-000000079100,OTHERS,706.052150424717,1389.8445565220522,MIA
315974014.72703683,00000000-0000-0000-0000-000000079157,OTHERS,683.5532565088382,1387.3922574891528,MIA
315974014.72703683,00000000-0000-0000-0000-000000079104,OTHERS,744.6456948346239,1362.0734086079774,MIA
315974014.72703683,00000000-0000-0000-0000-000000079125,OTHERS,744.9146110698042,1345.8654341291235,MIA
315974014.72703683,00000000-0000-0000-0000-000000079150,OTHERS,748.5635499953772,1359.5204029888241,MIA
315974014.72703683,00000000-0000-0000-0000-000000079114,OTHERS,723.522201706595,1390.2029115859336,MIA
315974014.72703683,00000000-0000-0000-0000-000000078899,OTHERS,729.5716714934817,1433.8975177378625,MIA
315974014.72703683,00000000-0000-0000-0000-000000078554,OTHERS,730.1406006972763,1419.9408021849968,MIA
315974014.72703683,00000000-0000-0000-0000-000000079139,OTHERS,795.5769065371326,1396.5218576265756,MIA
315974014.72703683,00000000-0000-0000-0000-000000079160,OTHERS,731.1536970249922,1449.7350726037575,MIA
315974014.72703683,00000000-0000-0000-0000-000000079111,AGENT,745.3089179605107,1402.4102797020569,MIA
315974014.72703683,00000000-0000-0000-0000-000000079158,OTHERS,778.3744560927196,1394.1279393057864,MIA
315974014.72703683,00000000-0000-0000-0000-000000079133,OTHERS,731.5992046228912,1438.169701764592,MIA
315974014.72703683,00000000-0000-0000-0000-000000079116,OTHERS,744.6884699877785,1352.8395554582091,MIA
315974014.72703683,00000000-0000-0000-0000-000000079113,OTHERS,746.5989938307735,1384.4894899644714,MIA
315974014.82778686,00000000-0000-0000-0000-000000000000,AV,729.4852980624139,1412.149935341778,MIA
315974014.82778686,00000000-0000-0000-0000-000000078849,OTHERS,745.8047593758581,1371.248610418582,MIA
315974014.82778686,00000000-0000-0000-0000-000000077767,OTHERS,732.8437903196242,1404.6855733656198,MIA
315974014.82778686,00000000-0000-0000-0000-000000079026,OTHERS,736.2824834638091,1407.307303600564,MIA
315974014.82778686,00000000-0000-0000-0000-000000079031,OTHERS,732.5711722902294,1412.9448325626522,MIA
315974014.82778686,00000000-0000-0000-0000-000000078851,OTHERS,728.8167171313987,1426.9436496635885,MIA
315974014.82778686,00000000-0000-0000-0000-000000079063,OTHERS,732.626406540504,1420.0832328153306,MIA
315974014.82778686,00000000-0000-0000-0000-000000079070,OTHERS,741.1519773859633,1370.9666217403176,MIA
315974014.82778686,00000000-0000-0000-0000-000000079073,OTHERS,744.6693162302306,1362.0794219993033,MIA
315974014.82778686,00000000-0000-0000-0000-000000079083,OTHERS,732.0298600343654,1427.3807615229514,MIA
315974014.82778686,00000000-0000-0000-0000-000000079095,OTHERS,744.4198912624655,1426.6357137509174,MIA
315974014.82778686,00000000-0000-0000-0000-000000079157,OTHERS,682.6155179910999,1387.1781146942035,MIA
315974014.82778686,00000000-0000-0000-0000-000000079104,OTHERS,744.8602706016384,1364.2167703149996,MIA
315974014.82778686,00000000-0000-0000-0000-000000079150,OTHERS,748.5635499953772,1359.5204029888241,MIA
315974014.82778686,00000000-0000-0000-0000-000000079114,OTHERS,722.9571245982204,1390.3235695636338,MIA
315974014.82778686,00000000-0000-0000-0000-000000078899,OTHERS,729.5103445127205,1434.6897587268975,MIA
315974014.82778686,00000000-0000-0000-0000-000000078554,OTHERS,730.1403264862882,1419.9460425860614,MIA
315974014.82778686,00000000-0000-0000-0000-000000079163,OTHERS,814.0060265347004,1388.946540473354,MIA
315974014.82778686,00000000-0000-0000-0000-000000079139,OTHERS,795.5769065371326,1396.5218576265756,MIA
315974014.82778686,00000000-0000-0000-0000-000000079160,OTHERS,731.1536970249922,1449.7350726037575,MIA
315974014.82778686,00000000-0000-0000-0000-000000079111,AGENT,745.2278938696937,1403.5432176033746,MIA
315974014.82778686,00000000-0000-0000-0000-000000079125,OTHERS,744.8851666910831,1345.984092348393,MIA
315974014.82778686,00000000-0000-0000-0000-000000079158,OTHERS,777.7259389328111,1394.1933976355042,MIA
315974014.82778686,00000000-0000-0000-0000-000000079133,OTHERS,731.6416250351551,1437.781361415349,MIA
315974014.82778686,00000000-0000-0000-0000-000000079116,OTHERS,744.7507759019153,1352.6932195141235,MIA
315974014.82778686,00000000-0000-0000-0000-000000079113,OTHERS,746.4861333289119,1385.4599400819784,MIA
315974014.82778686,00000000-0000-0000-0000-000000079100,OTHERS,705.8869967831729,1390.0108785239413,MIA
315974014.9463882,00000000-0000-0000-0000-000000000000,AV,729.4854019704977,1412.1501471863833,MIA
315974014.9463882,00000000-0000-0000-0000-000000078849,OTHERS,745.7796437106963,1371.283087868029,MIA
315974014.9463882,00000000-0000-0000-0000-000000077767,OTHERS,732.8511592995472,1404.7057643968476,MIA
315974014.9463882,00000000-0000-0000-0000-000000079026,OTHERS,736.3032092376552,1407.3018072486207,MIA
315974014.9463882,00000000-0000-0000-0000-000000079031,OTHERS,732.5693784012137,1412.9505372297,MIA
315974014.9463882,00000000-0000-0000-0000-000000078851,OTHERS,728.8016762118567,1426.8974715031486,MIA
315974014.9463882,00000000-0000-0000-0000-000000079063,OTHERS,732.6045159724226,1420.1230425131405,MIA
315974014.9463882,00000000-0000-0000-0000-000000079070,OTHERS,741.2707095613748,1371.0816405140324,MIA
315974014.9463882,00000000-0000-0000-0000-000000079073,OTHERS,744.8499290501908,1364.2102251627714,MIA
315974014.9463882,00000000-0000-0000-0000-000000079083,OTHERS,732.0133935955748,1427.3229318235494,MIA
315974014.9463882,00000000-0000-0000-0000-000000078899,OTHERS,729.1788348441017,1434.8590149945644,MIA
315974014.9463882,00000000-0000-0000-0000-000000079157,OTHERS,682.6155179910999,1387.1781146942035,MIA
315974014.9463882,00000000-0000-0000-0000-000000079104,OTHERS,744.5950397411534,1362.1234128376186,MIA
315974014.9463882,00000000-0000-0000-0000-000000079114,OTHERS,722.3727452578515,1390.504167979175,MIA
315974014.9463882,00000000-0000-0000-0000-000000078554,OTHERS,730.141806990729,1419.940669366557,MIA
315974014.9463882,00000000-0000-0000-0000-000000079163,OTHERS,813.1477009667792,1389.0213686842412,MIA
315974014.9463882,00000000-0000-0000-0000-000000079139,OTHERS,795.5769065371326,1396.5218576265756,MIA
315974014.9463882,00000000-0000-0000-0000-000000079160,OTHERS,731.1747446510582,1448.9586950043,MIA
315974014.9463882,00000000-0000-0000-0000-000000079111,AGENT,745.1212957334237,1404.5622174488985,MIA
315974014.9463882,00000000-0000-0000-0000-000000079125,OTHERS,744.8896987744665,1346.1827441368898,MIA
315974014.9463882,00000000-0000-0000-0000-000000079158,OTHERS,777.509422317582,1394.4179823854683,MIA
315974014.9463882,00000000-0000-0000-0000-000000079133,OTHERS,731.6485715312384,1437.6610216220322,MIA
315974014.9463882,00000000-0000-0000-0000-000000079116,OTHERS,744.7663334163465,1352.6980264630556,MIA
315974014.9463882,00000000-0000-0000-0000-000000079113,OTHERS,746.3147435683012,1386.3868956398858,MIA
315974014.9463882,00000000-0000-0000-0000-000000079100,OTHERS,704.4489190037299,1389.9728453119778,MIA
315974014.9463882,00000000-0000-0000-0000-000000079095,OTHERS,744.3527974739917,1427.7635776180664,MIA
315974015.04165006,00000000-0000-0000-0000-000000000000,AV,729.4852314099305,1412.1501059201441,MIA
315974015.04165006,00000000-0000-0000-0000-000000078849,OTHERS,745.900390409716,1371.1781588419376,MIA
315974015.04165006,00000000-0000-0000-0000-000000077767,OTHERS,732.8359351553578,1404.6837906635142,MIA
315974015.04165006,00000000-0000-0000-0000-000000079026,OTHERS,736.2781950850159,1407.2720894723957,MIA
315974015.04165006,00000000-0000-0000-0000-000000079031,OTHERS,732.5513201129636,1412.9371917002625,MIA
315974015.04165006,00000000-0000-0000-0000-000000078851,OTHERS,728.7987594478592,1426.8517875176249,MIA
315974015.04165006,00000000-0000-0000-0000-000000079070,OTHERS,741.3106463404519,1370.8701764635302,MIA
315974015.04165006,00000000-0000-0000-0000-000000079073,OTHERS,744.8994894064807,1364.2707674114815,MIA
315974015.04165006,00000000-0000-0000-0000-000000079083,OTHERS,732.009102422262,1427.2637822460508,MIA
315974015.04165006,00000000-0000-0000-0000-000000079095,OTHERS,744.3170812294336,1428.8670884322266,MIA
315974015.04165006,00000000-0000-0000-0000-000000079157,OTHERS,680.5282838629938,1387.4545093781894,MIA
315974015.04165006,00000000-0000-0000-0000-000000079104,OTHERS,744.5902104769814,1362.1015169297486,MIA
315974015.04165006,00000000-0000-0000-0000-000000078554,OTHERS,730.1414709465108,1419.9460265235775,MIA
315974015.04165006,00000000-0000-0000-0000-000000079163,OTHERS,812.1971193259543,1389.1351103022312,MIA
315974015.04165006,00000000-0000-0000-0000-000000079114,OTHERS,721.8012496910097,1390.5923596277316,MIA
315974015.04165006,00000000-0000-0000-0000-000000079063,OTHERS,732.6968343425032,1420.1544405779364,MIA
315974015.04165006,00000000-0000-0000-0000-000000078899,OTHERS,729.0725779141777,1434.8252275486866,MIA
315974015.04165006,00000000-0000-0000-0000-000000079160,OTHERS,731.1747446510582,1448.9586950043,MIA
315974015.04165006,00000000-0000-0000-0000-000000079111,AGENT,745.1479427697483,1405.03189864603,MIA
315974015.04165006,00000000-0000-0000-0000-000000079125,OTHERS,744.8896987744665,1346.1827441368898,MIA
315974015.04165006,00000000-0000-0000-0000-000000079158,OTHERS,777.509422317582,1394.4179823854683,MIA
315974015.04165006,00000000-0000-0000-0000-000000079133,OTHERS,731.6847885768689,1437.5498954867455,MIA
315974015.04165006,00000000-0000-0000-0000-000000079116,OTHERS,744.8521126550737,1352.8052017783527,MIA
315974015.04165006,00000000-0000-0000-0000-000000079113,OTHERS,746.1901233118416,1387.1538272071466,MIA
315974015.04165006,00000000-0000-0000-0000-000000079100,OTHERS,703.772808564868,1389.6539669057377,MIA
315974015.15104187,00000000-0000-0000-0000-000000000000,AV,729.4855455531001,1412.1501491321962,MIA
315974015.15104187,00000000-0000-0000-0000-000000078849,OTHERS,745.781826673547,1371.3397936700735,MIA
315974015.15104187,00000000-0000-0000-0000-000000077767,OTHERS,732.8426999647348,1404.7002989064815,MIA
315974015.15104187,00000000-0000-0000-0000-000000079026,OTHERS,736.3058582600612,1407.2755471613789,MIA
315974015.15104187,00000000-0000-0000-0000-000000079031,OTHERS,732.5595857714603,1412.931707060638,MIA
315974015.15104187,00000000-0000-0000-0000-000000078851,OTHERS,728.8108245010678,1426.8236702196634,MIA
315974015.15104187,00000000-0000-0000-0000-000000079070,OTHERS,741.2690107896194,1370.8696727921358,MIA
315974015.15104187,00000000-0000-0000-0000-000000079073,OTHERS,744.8337820089903,1363.912389013494,MIA
315974015.15104187,00000000-0000-0000-0000-000000079083,OTHERS,732.0090252300439,1427.2492293890994,MIA
315974015.15104187,00000000-0000-0000-0000-000000079095,OTHERS,744.2473404463527,1429.9120842620137,MIA
315974015.15104187,00000000-0000-0000-0000-000000079100,OTHERS,702.5735907990747,1389.7002346834888,MIA
315974015.15104187,00000000-0000-0000-0000-000000079104,OTHERS,744.6198738784067,1362.1466337615045,MIA
315974015.15104187,00000000-0000-0000-0000-000000079063,OTHERS,732.6114663542976,1420.0849326476346,MIA
315974015.15104187,00000000-0000-0000-0000-000000079125,OTHERS,744.9255035939481,1346.1862768588592,MIA
315974015.15104187,00000000-0000-0000-0000-000000078554,OTHERS,730.1378890970799,1419.9380442661125,MIA
315974015.15104187,00000000-0000-0000-0000-000000079163,OTHERS,811.3466709081856,1388.9357267550408,MIA
315974015.15104187,00000000-0000-0000-0000-000000079114,OTHERS,721.1659682405847,1390.7838117179267,MIA
315974015.15104187,00000000-0000-0000-0000-000000079111,AGENT,745.1493130340866,1405.8449669277124,MIA
315974015.15104187,00000000-0000-0000-0000-000000079160,OTHERS,731.1747446510582,1448.9586950043,MIA
315974015.15104187,00000000-0000-0000-0000-000000079157,OTHERS,679.6993534585023,1387.4071596217987,MIA
315974015.15104187,00000000-0000-0000-0000-000000078899,OTHERS,729.0166686577228,1434.7143796667347,MIA
315974015.15104187,00000000-0000-0000-0000-000000079133,OTHERS,731.8187407579325,1437.2883802759454,MIA
315974015.15104187,00000000-0000-0000-0000-000000079158,OTHERS,777.509422317582,1394.4179823854683,MIA
315974015.15104187,00000000-0000-0000-0000-000000079116,OTHERS,744.8085551577907,1352.733428595252,MIA
315974015.15104187,00000000-0000-0000-0000-000000079113,OTHERS,745.9699619209842,1388.2532388502036,MIA
315974015.25459987,00000000-0000-0000-0000-000000000000,AV,729.4856439659525,1412.1499663291959,MIA
315974015.25459987,00000000-0000-0000-0000-000000078849,OTHERS,745.8304021281563,1371.2458825374104,MIA
315974015.25459987,00000000-0000-0000-0000-000000077767,OTHERS,732.854146080184,1404.7068562144666,MIA
315974015.25459987,00000000-0000-0000-0000-000000079026,OTHERS,736.2737072405278,1407.2909293477228,MIA
315974015.25459987,00000000-0000-0000-0000-000000079031,OTHERS,732.5570787533587,1412.9437632613754,MIA
315974015.25459987,00000000-0000-0000-0000-000000078851,OTHERS,728.7999050508067,1426.7676354892835,MIA
315974015.25459987,00000000-0000-0000-0000-000000079070,OTHERS,741.3239436191142,1370.8615747595525,MIA
315974015.25459987,00000000-0000-0000-0000-000000079073,OTHERS,744.7560584209189,1362.1380470337574,MIA
315974015.25459987,00000000-0000-0000-0000-000000079083,OTHERS,732.0034267677202,1427.2197619720755,MIA
315974015.25459987,00000000-0000-0000-0000-000000079095,OTHERS,744.2198274918652,1431.0134958351816,MIA
315974015.25459987,00000000-0000-0000-0000-000000079100,OTHERS,701.9765045085084,1389.434706595143,MIA
315974015.25459987,00000000-0000-0000-0000-000000079104,OTHERS,744.8988478035683,1364.2212745732472,MIA
315974015.25459987,00000000-0000-0000-0000-000000079164,OTHERS,749.9206953344606,1352.9574743684966,MIA
315974015.25459987,00000000-0000-0000-0000-000000079063,OTHERS,732.6930243155076,1420.1479294488531,MIA
315974015.25459987,00000000-0000-0000-0000-000000079125,OTHERS,744.96439463245,1346.11692465955,MIA
315974015.25459987,00000000-0000-0000-0000-000000078554,OTHERS,730.1283336581301,1419.9627304762814,MIA
315974015.25459987,00000000-0000-0000-0000-000000079163,OTHERS,811.3466709081856,1388.9357267550408,MIA
315974015.25459987,00000000-0000-0000-0000-000000079114,OTHERS,720.5981000113777,1390.8323504554944,MIA
315974015.25459987,00000000-0000-0000-0000-000000079111,AGENT,745.0274375408427,1406.7329345254984,MIA
315974015.25459987,00000000-0000-0000-0000-000000079160,OTHERS,731.1747446510582,1448.9586950043,MIA
315974015.25459987,00000000-0000-0000-0000-000000079157,OTHERS,679.6993534585023,1387.4071596217987,MIA
315974015.25459987,00000000-0000-0000-0000-000000078899,OTHERS,729.0224670171492,1434.6455518172547,MIA
315974015.25459987,00000000-0000-0000-0000-000000079133,OTHERS,731.6088320945928,1437.6013845385355,MIA
315974015.25459987,00000000-0000-0000-0000-000000079158,OTHERS,777.509422317582,1394.4179823854683,MIA
315974015.25459987,00000000-0000-0000-0000-000000079116,OTHERS,744.8006568858258,1352.5376781513519,MIA
315974015.25459987,00000000-0000-0000-0000-000000079113,OTHERS,745.8155593797765,1389.2592517425035,MIA
315974015.3539895,00000000-0000-0000-0000-000000000000,AV,729.4857317369615,1412.1503180633974,MIA
315974015.3539895,00000000-0000-0000-0000-000000078849,OTHERS,745.8571863262738,1371.2327268408706,MIA
315974015.3539895,00000000-0000-0000-0000-000000079031,OTHERS,732.5502179921375,1412.935734391234,MIA
315974015.3539895,00000000-0000-0000-0000-000000078851,OTHERS,728.8074343026863,1426.7025663058387,MIA
315974015.3539895,00000000-0000-0000-0000-000000079070,OTHERS,741.1523154459039,1371.0015880074425,MIA
315974015.3539895,00000000-0000-0000-0000-000000079073,OTHERS,744.964119080315,1364.248235640753,MIA
315974015.3539895,00000000-0000-0000-0000-000000079083,OTHERS,732.0096907807332,1427.1796046704321,MIA
315974015.3539895,00000000-0000-0000-0000-000000079095,OTHERS,744.1413519689596,1432.0726368431644,MIA
315974015.3539895,00000000-0000-0000-0000-000000079100,OTHERS,701.5777198624817,1389.2745778038916,MIA
315974015.3539895,00000000-0000-0000-0000-000000079164,OTHERS,749.695923754059,1353.5585877345834,MIA
315974015.3539895,00000000-0000-0000-0000-000000079063,OTHERS,732.7039194138176,1420.1841151845028,MIA
315974015.3539895,00000000-0000-0000-0000-000000079125,OTHERS,744.9288338447377,1345.905353919006,MIA
315974015.3539895,00000000-0000-0000-0000-000000077767,OTHERS,732.8448789856736,1404.6736087386514,MIA
315974015.3539895,00000000-0000-0000-0000-000000079026,OTHERS,736.3209222889765,1407.2734125468328,MIA
315974015.3539895,00000000-0000-0000-0000-000000079157,OTHERS,679.6993534585023,1387.4071596217987,MIA
315974015.3539895,00000000-0000-0000-0000-000000079104,OTHERS,744.5713929642113,1362.109937621191,MIA
315974015.3539895,00000000-0000-0000-0000-000000079111,AGENT,744.9922255936818,1407.5778585230082,MIA
315974015.3539895,00000000-0000-0000-0000-000000078554,OTHERS,730.1336092342135,1419.9540163724735,MIA
315974015.3539895,00000000-0000-0000-0000-000000079163,OTHERS,811.3466709081856,1388.9357267550408,MIA
315974015.3539895,00000000-0000-0000-0000-000000079114,OTHERS,720.0274761855768,1390.8769473133484,MIA
315974015.3539895,00000000-0000-0000-0000-000000078899,OTHERS,729.010264705992,1434.563382545006,MIA
315974015.3539895,00000000-0000-0000-0000-000000079133,OTHERS,731.7031893635649,1437.144444872313,MIA
315974015.3539895,00000000-0000-0000-0000-000000079116,OTHERS,744.7671213788365,1352.840853869879,MIA
315974015.3539895,00000000-0000-0000-0000-000000079113,OTHERS,745.655204962422,1390.1763313591782,MIA
315974015.45821786,00000000-0000-0000-0000-000000000000,AV,729.4857154393802,1412.1506905518079,MIA
315974015.45821786,00000000-0000-0000-0000-000000078849,OTHERS,745.9122634995674,1371.1975239624644,MIA
315974015.45821786,00000000-0000-0000-0000-000000079031,OTHERS,732.5568169530136,1412.941129292062,MIA
315974015.45821786,00000000-0000-0000-0000-000000078851,OTHERS,728.8013662239314,1426.6628412121634,MIA
315974015.45821786,00000000-0000-0000-0000-000000079073,OTHERS,744.8708680805445,1364.2652303253246,MIA
315974015.45821786,00000000-0000-0000-0000-000000079083,OTHERS,732.0044827863848,1427.1847544209836,MIA
315974015.45821786,00000000-0000-0000-0000-000000079100,OTHERS,701.5777198624817,1389.2745778038916,MIA
315974015.45821786,00000000-0000-0000-0000-000000079104,OTHERS,744.6176979286914,1362.1608055329289,MIA
315974015.45821786,00000000-0000-0000-0000-000000079111,AGENT,744.9330412575998,1408.4046677722822,MIA
315974015.45821786,00000000-0000-0000-0000-000000079125,OTHERS,744.9288338447377,1345.905353919006,MIA
315974015.45821786,00000000-0000-0000-0000-000000077767,OTHERS,732.8464184614685,1404.694757970127,MIA
315974015.45821786,00000000-0000-0000-0000-000000079026,OTHERS,736.3244813414166,1407.2213609611651,MIA
315974015.45821786,00000000-0000-0000-0000-000000079157,OTHERS,679.6993534585023,1387.4071596217987,MIA
315974015.45821786,00000000-0000-0000-0000-000000078554,OTHERS,730.1421770927919,1419.938125571741,MIA
315974015.45821786,00000000-0000-0000-0000-000000079163,OTHERS,811.3466709081856,1388.9357267550408,MIA
315974015.45821786,00000000-0000-0000-0000-000000079114,OTHERS,719.4986638018815,1390.935866256569,MIA
315974015.45821786,00000000-0000-0000-0000-000000079095,OTHERS,744.1042157428163,1433.3452164340906,MIA
315974015.45821786,00000000-0000-0000-0000-000000078899,OTHERS,728.9373866711743,1434.4533699153005,MIA
315974015.45821786,00000000-0000-0000-0000-000000079070,OTHERS,741.1340034574057,1370.9359846954956,MIA
315974015.45821786,00000000-0000-0000-0000-000000079063,OTHERS,732.6949258754718,1420.1466403525628,MIA
315974015.45821786,00000000-0000-0000-0000-000000079164,OTHERS,749.5756427527658,1354.1943102073376,MIA
315974015.45821786,00000000-0000-0000-0000-000000079133,OTHERS,731.7289767550855,1437.1094918296985,MIA
315974015.45821786,00000000-0000-0000-0000-000000079116,OTHERS,744.7048045428578,1353.7454217732998,MIA
315974015.45821786,00000000-0000-0000-0000-000000079113,OTHERS,745.5182751001312,1391.1911841830142,MIA
315974015.5586837,00000000-0000-0000-0000-000000000000,AV,729.4858377908507,1412.1507978089862,MIA
315974015.5586837,00000000-0000-0000-0000-000000078554,OTHERS,730.1409802691751,1419.9472990730026,MIA
315974015.5586837,00000000-0000-0000-0000-000000079031,OTHERS,732.5568749578696,1412.946387452168,MIA
315974015.5586837,00000000-0000-0000-0000-000000078851,OTHERS,728.8099477702194,1426.640419124295,MIA
315974015.5586837,00000000-0000-0000-0000-000000079073,OTHERS,744.7441350276036,1364.0999282028135,MIA
315974015.5586837,00000000-0000-0000-0000-000000079083,OTHERS,731.9961153463879,1427.1755976240545,MIA
315974015.5586837,00000000-0000-0000-0000-000000079100,OTHERS,698.2331367832785,1389.5477278460999,MIA
315974015.5586837,00000000-0000-0000-0000-000000079104,OTHERS,744.6488778427814,1362.1695613234535,MIA
315974015.5586837,00000000-0000-0000-0000-000000077767,OTHERS,732.8533743933373,1404.7040771538625,MIA
315974015.5586837,00000000-0000-0000-0000-000000079026,OTHERS,736.3304635253295,1407.288843187431,MIA
315974015.5586837,00000000-0000-0000-0000-000000079171,OTHERS,772.5941850492993,1394.3420682049207,MIA
315974015.5586837,00000000-0000-0000-0000-000000079095,OTHERS,744.069408901988,1434.3841916164954,MIA
315974015.5586837,00000000-0000-0000-0000-000000078899,OTHERS,729.0264163631883,1434.4485320609408,MIA
315974015.5586837,00000000-0000-0000-0000-000000079070,OTHERS,741.1350477344126,1371.0813809708682,MIA
315974015.5586837,00000000-0000-0000-0000-000000079114,OTHERS,719.0663998011893,1390.9623051926017,MIA
315974015.5586837,00000000-0000-0000-0000-000000078849,OTHERS,745.9243236645439,1371.1991207140104,MIA
315974015.5586837,00000000-0000-0000-0000-000000079063,OTHERS,732.7088112499631,1420.1400976265447,MIA
315974015.5586837,00000000-0000-0000-0000-000000079111,AGENT,744.8671080718672,1409.3741775083288,MIA
315974015.5586837,00000000-0000-0000-0000-000000079164,OTHERS,749.5901084546045,1354.845995752184,MIA
315974015.5586837,00000000-0000-0000-0000-000000079125,OTHERS,744.9288338447377,1345.905353919006,MIA
315974015.5586837,00000000-0000-0000-0000-000000079133,OTHERS,731.7625192720308,1436.862129502231,MIA
315974015.5586837,00000000-0000-0000-0000-000000079116,OTHERS,744.8217125603993,1352.7917871769096,MIA
315974015.5586837,00000000-0000-0000-0000-000000079113,OTHERS,745.3404829603662,1392.229004522917,MIA
315974015.66659826,00000000-0000-0000-0000-000000000000,AV,729.486389896618,1412.1503960805728,MIA
315974015.66659826,00000000-0000-0000-0000-000000078554,OTHERS,730.1378444324707,1419.9390659009146,MIA
315974015.66659826,00000000-0000-0000-0000-000000079031,OTHERS,732.5647207142938,1412.9425472317707,MIA
315974015.66659826,00000000-0000-0000-0000-000000078851,OTHERS,728.8046535496485,1426.5938454492236,MIA
315974015.66659826,00000000-0000-0000-0000-000000079073,OTHERS,744.9628231432323,1364.2560933090713,MIA
315974015.66659826,00000000-0000-0000-0000-000000079083,OTHERS,732.0020159587144,1427.1827633215344,MIA
315974015.66659826,00000000-0000-0000-0000-000000079100,OTHERS,697.5419396733798,1389.308078585126,MIA
315974015.66659826,00000000-0000-0000-0000-000000077767,OTHERS,732.8533952148181,1404.6884599746008,MIA
315974015.66659826,00000000-0000-0000-0000-000000079026,OTHERS,736.2755784420168,1407.262725209369,MIA
315974015.66659826,00000000-0000-0000-0000-000000079171,OTHERS,771.7490568600548,1394.3157959888727,MIA
315974015.66659826,00000000-0000-0000-0000-000000079104,OTHERS,744.5666551111583,1362.2371749240633,MIA
315974015.66659826,00000000-0000-0000-0000-000000079095,OTHERS,744.0235133695793,1435.5535197526106,MIA
315974015.66659826,00000000-0000-0000-0000-000000079173,OTHERS,749.4859807668346,1367.365441897072,MIA
315974015.66659826,00000000-0000-0000-0000-000000078899,OTHERS,728.9316005408272,1434.347885334141,MIA
315974015.66659826,00000000-0000-0000-0000-000000079070,OTHERS,741.2171912517688,1370.929776371548,MIA
315974015.66659826,00000000-0000-0000-0000-000000079114,OTHERS,718.2766699056539,1391.0140284395832,MIA
315974015.66659826,00000000-0000-0000-0000-000000078849,OTHERS,745.8749643385868,1371.1998680956715,MIA
315974015.66659826,00000000-0000-0000-0000-000000079063,OTHERS,732.6937099106009,1420.169346449223,MIA
315974015.66659826,00000000-0000-0000-0000-000000079164,OTHERS,749.4839735820333,1355.4720695560275,MIA
315974015.66659826,00000000-0000-0000-0000-000000079111,AGENT,744.7666687312468,1410.2590821899914,MIA
315974015.66659826,00000000-0000-0000-0000-000000079125,OTHERS,744.9288338447377,1345.905353919006,MIA
315974015.66659826,00000000-0000-0000-0000-000000079133,OTHERS,731.7689099710452,1436.7891032245711,MIA
315974015.66659826,00000000-0000-0000-0000-000000079116,OTHERS,744.945992131828,1352.6461963942031,MIA
315974015.66659826,00000000-0000-0000-0000-000000079113,OTHERS,745.2349281328055,1393.061939021208,MIA
315974015.7772947,00000000-0000-0000-0000-000000000000,AV,729.4865032296669,1412.1508235867286,MIA
315974015.7772947,00000000-0000-0000-0000-000000078554,OTHERS,730.1378205007062,1419.9255349529722,MIA
315974015.7772947,00000000-0000-0000-0000-000000079031,OTHERS,732.5521775792274,1412.9260523974854,MIA
315974015.7772947,00000000-0000-0000-0000-000000078851,OTHERS,728.8117025680805,1426.578086140385,MIA
315974015.7772947,00000000-0000-0000-0000-000000079073,OTHERS,744.9596819795654,1364.0469680338952,MIA
315974015.7772947,00000000-0000-0000-0000-000000079083,OTHERS,732.0023470015898,1427.1557923464295,MIA
315974015.7772947,00000000-0000-0000-0000-000000079100,OTHERS,697.5419396733798,1389.308078585126,MIA
315974015.7772947,00000000-0000-0000-0000-000000079095,OTHERS,743.9904988984563,1436.7139934284844,MIA
315974015.7772947,00000000-0000-0000-0000-000000079173,OTHERS,749.2655102664087,1367.9352777334454,MIA
315974015.7772947,00000000-0000-0000-0000-000000078899,OTHERS,729.0459957067302,1434.2998719058369,MIA
315974015.7772947,00000000-0000-0000-0000-000000079070,OTHERS,741.3132328029237,1370.8143940233965,MIA
315974015.7772947,00000000-0000-0000-0000-000000079176,OTHERS,786.8466797590453,1395.9355068704556,MIA
315974015.7772947,00000000-0000-0000-0000-000000079114,OTHERS,718.2980279313824,1391.0963146423712,MIA
315974015.7772947,00000000-0000-0000-0000-000000079113,OTHERS,745.0600877254543,1394.1674029223761,MIA
315974015.7772947,00000000-0000-0000-0000-000000078849,OTHERS,745.8853242238721,1371.2362834848414,MIA
315974015.7772947,00000000-0000-0000-0000-000000079063,OTHERS,732.7074031944176,1420.1337973269028,MIA
315974015.7772947,00000000-0000-0000-0000-000000077767,OTHERS,732.8514351641579,1404.6701323368445,MIA
315974015.7772947,00000000-0000-0000-0000-000000079026,OTHERS,736.2850953948907,1407.256474341674,MIA
315974015.7772947,00000000-0000-0000-0000-000000079171,OTHERS,770.8030269164967,1394.2255414753092,MIA
315974015.7772947,00000000-0000-0000-0000-000000079104,OTHERS,744.6490007369383,1362.1875995943876,MIA
315974015.7772947,00000000-0000-0000-0000-000000079164,OTHERS,749.4323041598767,1356.0270772433412,MIA
315974015.7772947,00000000-0000-0000-0000-000000079111,AGENT,744.6508523170743,1411.0883580347338,MIA
315974015.7772947,00000000-0000-0000-0000-000000079133,OTHERS,731.8010593905748,1436.7790949384428,MIA
315974015.7772947,00000000-0000-0000-0000-000000079116,OTHERS,744.7626106227248,1352.6576978393734,MIA
315974015.8818635,00000000-0000-0000-0000-000000000000,AV,729.4866628213731,1412.1510315411795,MIA
315974015.8818635,00000000-0000-0000-0000-000000078554,OTHERS,730.1485324433113,1419.9004312138654,MIA
315974015.8818635,00000000-0000-0000-0000-000000079031,OTHERS,732.5656795899788,1412.9482070518359,MIA
315974015.8818635,00000000-0000-0000-0000-000000078851,OTHERS,728.7960125406264,1426.5416649989677,MIA
315974015.8818635,00000000-0000-0000-0000-000000079073,OTHERS,744.8832495681401,1364.3530719726089,MIA
315974015.8818635,00000000-0000-0000-0000-000000079083,OTHERS,732.0208548835342,1427.2347865949291,MIA
315974015.8818635,00000000-0000-0000-0000-000000079100,OTHERS,695.3090098122556,1389.3287035362516,MIA
315974015.8818635,00000000-0000-0000-0000-000000079095,OTHERS,743.9412893200363,1437.824849046081,MIA
315974015.8818635,00000000-0000-0000-0000-000000079173,OTHERS,749.3043213503246,1368.4135977981798,MIA
315974015.8818635,00000000-0000-0000-0000-000000078899,OTHERS,729.0309014488083,1434.2183803512612,MIA
315974015.8818635,00000000-0000-0000-0000-000000079070,OTHERS,741.2167778007805,1371.1598779049361,MIA
315974015.8818635,00000000-0000-0000-0000-000000079176,OTHERS,786.2029740394887,1396.0258695249577,MIA
315974015.8818635,00000000-0000-0000-0000-000000079172,OTHERS,731.3330460010727,1446.7425555666364,MIA
315974015.8818635,00000000-0000-0000-0000-000000079114,OTHERS,717.5985428435695,1391.139723485654,MIA
315974015.8818635,00000000-0000-0000-0000-000000079113,OTHERS,744.8321622545812,1395.1863388074435,MIA
315974015.8818635,00000000-0000-0000-0000-000000078849,OTHERS,745.895536978076,1371.1935895606998,MIA
315974015.8818635,00000000-0000-0000-0000-000000079063,OTHERS,732.5946414486888,1420.0690632072271,MIA
315974015.8818635,00000000-0000-0000-0000-000000077767,OTHERS,732.8484159255032,1404.6572922753535,MIA
315974015.8818635,00000000-0000-0000-0000-000000079026,OTHERS,736.3175322193164,1407.2449122524995,MIA
315974015.8818635,00000000-0000-0000-0000-000000079171,OTHERS,770.4419873093929,1394.2716659053788,MIA
315974015.8818635,00000000-0000-0000-0000-000000079104,OTHERS,744.6213394949324,1362.32098385188,MIA
315974015.8818635,00000000-0000-0000-0000-000000079164,OTHERS,749.1690645442711,1356.7544069727007,MIA
315974015.8818635,00000000-0000-0000-0000-000000079111,AGENT,744.3954751672983,1412.3258587912128,MIA
315974015.8818635,00000000-0000-0000-0000-000000079133,OTHERS,731.7883503844495,1436.599431848637,MIA
315974015.8818635,00000000-0000-0000-0000-000000079116,OTHERS,744.823357902996,1352.6960162339567,MIA
315974015.99371785,00000000-0000-0000-0000-000000000000,AV,729.4868912709279,1412.1506800781672,MIA
315974015.99371785,00000000-0000-0000-0000-000000078554,OTHERS,730.1442142453194,1419.8460576255468,MIA
315974015.99371785,00000000-0000-0000-0000-000000079177,OTHERS,767.6897867544055,1388.5168454935413,MIA
315974015.99371785,00000000-0000-0000-0000-000000078849,OTHERS,745.9371990894197,1371.2388052089482,MIA
315974015.99371785,00000000-0000-0000-0000-000000079031,OTHERS,732.5501339122599,1412.9311370248192,MIA
315974015.99371785,00000000-0000-0000-0000-000000078851,OTHERS,728.805041517775,1426.5331373643744,MIA
315974015.99371785,00000000-0000-0000-0000-000000079073,OTHERS,744.9371031597865,1364.3694347307244,MIA
315974015.99371785,00000000-0000-0000-0000-000000079083,OTHERS,732.0122059901885,1427.2101823064386,MIA
315974015.99371785,00000000-0000-0000-0000-000000079100,OTHERS,694.5412979190695,1389.1377631676885,MIA
315974015.99371785,00000000-0000-0000-0000-000000079095,OTHERS,743.9082770651975,1438.8696516208618,MIA
315974015.99371785,00000000-0000-0000-0000-000000079173,OTHERS,749.1177877532289,1369.051595528905,MIA
315974015.99371785,00000000-0000-0000-0000-000000078899,OTHERS,728.9907849915003,1434.1147297768075,MIA
315974015.99371785,00000000-0000-0000-0000-000000079070,OTHERS,741.1623748695108,1370.9692668627815,MIA
315974015.99371785,00000000-0000-0000-0000-000000079176,OTHERS,786.2029740394887,1396.0258695249577,MIA
315974015.99371785,00000000-0000-0000-0000-000000079172,OTHERS,731.3330460010727,1446.7425555666364,MIA
315974015.99371785,00000000-0000-0000-0000-000000079114,OTHERS,716.491317084674,1391.2798096030035,MIA
315974015.99371785,00000000-0000-0000-0000-000000079179,OTHERS,838.1354741132437,1390.921583991207,MIA
315974015.99371785,00000000-0000-0000-0000-000000079113,OTHERS,744.6842899789964,1396.2380318852624,MIA
315974015.99371785,00000000-0000-0000-0000-000000077767,OTHERS,732.8594782950661,1404.6462550995582,MIA
315974015.99371785,00000000-0000-0000-0000-000000079026,OTHERS,736.2615763449719,1407.1871071679611,MIA
315974015.99371785,00000000-0000-0000-0000-000000079171,OTHERS,769.8902401750348,1394.3082861672708,MIA
315974015.99371785,00000000-0000-0000-0000-000000079104,OTHERS,744.5389175109816,1362.2539404494294,MIA
315974015.99371785,00000000-0000-0000-0000-000000079063,OTHERS,732.6187042868651,1420.088400238915,MIA
315974015.99371785,00000000-0000-0000-0000-000000079164,OTHERS,749.0954000279004,1357.4260931307847,MIA
315974015.99371785,00000000-0000-0000-0000-000000079111,AGENT,744.6650987639606,1413.114261095945,MIA
315974015.99371785,00000000-0000-0000-0000-000000079133,OTHERS,731.840495353913,1436.6107734770278,MIA
315974015.99371785,00000000-0000-0000-0000-000000079116,OTHERS,744.8357563850192,1352.7597799611488,MIA
315974016.10325354,00000000-0000-0000-0000-000000000000,AV,729.4873121670092,1412.1505446420706,MIA
315974016.10325354,00000000-0000-0000-0000-000000078554,OTHERS,730.1503795229066,1419.7840839055932,MIA
315974016.10325354,00000000-0000-0000-0000-000000079177,OTHERS,767.5680832846774,1388.6769795096482,MIA
315974016.10325354,00000000-0000-0000-0000-000000078849,OTHERS,745.8261094069195,1371.1938333586822,MIA
315974016.10325354,00000000-0000-0000-0000-000000078899,OTHERS,729.0183833130249,1434.0461605979197,MIA
315974016.10325354,00000000-0000-0000-0000-000000079031,OTHERS,732.5525893567958,1412.9361333078589,MIA
315974016.10325354,00000000-0000-0000-0000-000000078851,OTHERS,728.8111236387265,1426.4783666060532,MIA
315974016.10325354,00000000-0000-0000-0000-000000079073,OTHERS,744.8150996887445,1364.404554128062,MIA
315974016.10325354,00000000-0000-0000-0000-000000079083,OTHERS,732.0036583461391,1427.1913547990696,MIA
315974016.10325354,00000000-0000-0000-0000-000000079095,OTHERS,743.8688321024457,1440.099708582086,MIA
315974016.10325354,00000000-0000-0000-0000-000000079173,OTHERS,749.0590918222023,1369.7573985548036,MIA
315974016.10325354,00000000-0000-0000-0000-000000079070,OTHERS,741.1869577786713,1371.0659297973814,MIA
315974016.10325354,00000000-0000-0000-0000-000000079174,OTHERS,744.9036205014185,1346.2080634031106,MIA
315974016.10325354,00000000-0000-0000-0000-000000079176,OTHERS,786.2029740394887,1396.0258695249577,MIA
315974016.10325354,00000000-0000-0000-0000-000000079172,OTHERS,731.3330460010727,1446.7425555666364,MIA
315974016.10325354,00000000-0000-0000-0000-000000079114,OTHERS,715.9641117066362,1391.2316647037674,MIA
315974016.10325354,00000000-0000-0000-0000-000000079179,OTHERS,837.3151276182016,1390.7878417848142,MIA
315974016.10325354,00000000-0000-0000-0000-000000079113,OTHERS,744.4907939931783,1397.3920093334775,MIA
315974016.10325354,00000000-0000-0000-0000-000000077767,OTHERS,732.8522761818709,1404.6159404984778,MIA
315974016.10325354,00000000-0000-0000-0000-000000079026,OTHERS,736.3335374578177,1407.169357716449,MIA
315974016.10325354,00000000-0000-0000-0000-000000079171,OTHERS,769.274826571714,1394.3164077979711,MIA
315974016.10325354,00000000-0000-0000-0000-000000079104,OTHERS,744.8197893595748,1362.4016447027,MIA
315974016.10325354,00000000-0000-0000-0000-000000079063,OTHERS,732.6994376620712,1420.1570546565408,MIA
315974016.10325354,00000000-0000-0000-0000-000000079164,OTHERS,748.8886343253694,1357.9582112770156,MIA
315974016.10325354,00000000-0000-0000-0000-000000079111,AGENT,744.584777147506,1414.1102584801004,MIA
315974016.10325354,00000000-0000-0000-0000-000000079133,OTHERS,731.7621445979546,1436.4494767716392,MIA
315974016.10325354,00000000-0000-0000-0000-000000079116,OTHERS,744.7855126601112,1352.6869697244567,MIA
315974016.10325354,00000000-0000-0000-0000-000000079100,OTHERS,694.5412979190695,1389.1377631676885,MIA
315974016.2238893,00000000-0000-0000-0000-000000000000,AV,729.4871870103112,1412.1508124973666,MIA
315974016.2238893,00000000-0000-0000-0000-000000078554,OTHERS,730.1381592475386,1419.4161783907718,MIA
315974016.2238893,00000000-0000-0000-0000-000000079177,OTHERS,766.9601459651442,1388.8943693589592,MIA
315974016.2238893,00000000-0000-0000-0000-000000078849,OTHERS,745.7908429583708,1371.3103962025634,MIA
315974016.2238893,00000000-0000-0000-0000-000000078899,OTHERS,729.0434329005354,1433.9102351799393,MIA
315974016.2238893,00000000-0000-0000-0000-000000079031,OTHERS,732.5546235049643,1412.9393819804998,MIA
315974016.2238893,00000000-0000-0000-0000-000000078851,OTHERS,728.8067536230467,1426.4160722541128,MIA
315974016.2238893,00000000-0000-0000-0000-000000079073,OTHERS,744.88741243298,1364.4093397470856,MIA
315974016.2238893,00000000-0000-0000-0000-000000079083,OTHERS,732.0015176495341,1427.1909220958573,MIA
315974016.2238893,00000000-0000-0000-0000-000000079100,OTHERS,694.5412979190695,1389.1377631676885,MIA
315974016.2238893,00000000-0000-0000-0000-000000079070,OTHERS,741.3521333879908,1370.8292608966424,MIA
315974016.2238893,00000000-0000-0000-0000-000000079174,OTHERS,744.8103642864114,1346.3111609549542,MIA
315974016.2238893,00000000-0000-0000-0000-000000079172,OTHERS,731.0014985316403,1444.9570049525312,MIA
315974016.2238893,00000000-0000-0000-0000-000000079114,OTHERS,713.8524599886838,1391.212055592301,MIA
315974016.2238893,00000000-0000-0000-0000-000000079179,OTHERS,835.8002014707997,1390.899716341549,MIA
315974016.2238893,00000000-0000-0000-0000-000000079113,OTHERS,744.2403085926213,1399.1183687785697,MIA
315974016.2238893,00000000-0000-0000-0000-000000079095,OTHERS,743.8054130157942,1442.3151710776401,MIA
315974016.2238893,00000000-0000-0000-0000-000000079173,OTHERS,748.9046785904501,1371.2446066765076,MIA
315974016.2238893,00000000-0000-0000-0000-000000077767,OTHERS,732.8737493451644,1404.5666214290675,MIA
315974016.2238893,00000000-0000-0000-0000-000000079026,OTHERS,736.3092714868919,1407.058475731815,MIA
315974016.2238893,00000000-0000-0000-0000-000000079171,OTHERS,768.0623427960637,1394.4328931322684,MIA
315974016.2238893,00000000-0000-0000-0000-000000079104,OTHERS,744.6051867002485,1362.3335613548807,MIA
315974016.2238893,00000000-0000-0000-0000-000000079063,OTHERS,732.7112676670929,1420.1415905310578,MIA
315974016.2238893,00000000-0000-0000-0000-000000079164,OTHERS,748.9338276088962,1358.4698446887528,MIA
315974016.2238893,00000000-0000-0000-0000-000000079111,AGENT,744.5224790919025,1416.0971325558692,MIA
315974016.2238893,00000000-0000-0000-0000-000000079133,OTHERS,731.6230863258385,1436.4097783674765,MIA
315974016.2238893,00000000-0000-0000-0000-000000079116,OTHERS,744.9011713584288,1352.5885250881274,MIA
315974016.3330544,00000000-0000-0000-0000-000000000000,AV,729.4873681422771,1412.1509078778604,MIA
315974016.3330544,00000000-0000-0000-0000-000000078554,OTHERS,730.1959569496083,1419.2991277323667,MIA
315974016.3330544,00000000-0000-0000-0000-000000079177,OTHERS,766.9601459651442,1388.8943693589592,MIA
315974016.3330544,00000000-0000-0000-0000-000000078849,OTHERS,745.8763149932695,1371.187156725934,MIA
315974016.3330544,00000000-0000-0000-0000-000000078899,OTHERS,729.0733236870609,1433.8083607153594,MIA
315974016.3330544,00000000-0000-0000-0000-000000079031,OTHERS,732.5693189772156,1412.9540538202677,MIA
315974016.3330544,00000000-0000-0000-0000-000000078851,OTHERS,728.8091210493508,1426.4164792722504,MIA
315974016.3330544,00000000-0000-0000-0000-000000079073,OTHERS,744.8975187862125,1364.3327052713876,MIA
315974016.3330544,00000000-0000-0000-0000-000000079083,OTHERS,731.9915311499782,1427.2263415490836,MIA
315974016.3330544,00000000-0000-0000-0000-000000079070,OTHERS,741.3659668351935,1371.0488346408106,MIA
315974016.3330544,00000000-0000-0000-0000-000000079174,OTHERS,744.8581966695381,1346.0689650888007,MIA
315974016.3330544,00000000-0000-0000-0000-000000079172,OTHERS,731.0014985316403,1444.9570049525312,MIA
315974016.3330544,00000000-0000-0000-0000-000000079114,OTHERS,713.3450056256378,1391.0897926356122,MIA
315974016.3330544,00000000-0000-0000-0000-000000079179,OTHERS,834.7972868187239,1390.6811702370835,MIA
315974016.3330544,00000000-0000-0000-0000-000000079113,OTHERS,744.1695885967374,1399.74740151012,MIA
315974016.3330544,00000000-0000-0000-0000-000000079095,OTHERS,743.789009491391,1443.4462213156219,MIA
315974016.3330544,00000000-0000-0000-0000-000000079173,OTHERS,748.6453933770979,1371.8671253217929,MIA
315974016.3330544,00000000-0000-0000-0000-000000077767,OTHERS,732.8648975574956,1404.5167669146006,MIA
315974016.3330544,00000000-0000-0000-0000-000000079026,OTHERS,736.3450626832102,1406.8658075156147,MIA
315974016.3330544,00000000-0000-0000-0000-000000079171,OTHERS,767.5330302015929,1394.5911055249192,MIA
315974016.3330544,00000000-0000-0000-0000-000000079104,OTHERS,744.6110948802436,1362.2983929618954,MIA
315974016.3330544,00000000-0000-0000-0000-000000079063,OTHERS,732.7014404888903,1420.2035462648237,MIA
315974016.3330544,00000000-0000-0000-0000-000000079164,OTHERS,748.9338276088962,1358.4698446887528,MIA
315974016.3330544,00000000-0000-0000-0000-000000079182,OTHERS,749.4442578874217,1424.9414848934787,MIA
315974016.3330544,00000000-0000-0000-0000-000000079111,AGENT,744.5224144734419,1417.0004576086526,MIA
315974016.3330544,00000000-0000-0000-0000-000000079133,OTHERS,731.6511101127246,1436.3759587234565,MIA
315974016.3330544,00000000-0000-0000-0000-000000079116,OTHERS,744.9701880365103,1352.4588567728904,MIA
315974016.4435952,00000000-0000-0000-0000-000000000000,AV,729.4873465978786,1412.150721070808,MIA
315974016.4435952,00000000-0000-0000-0000-000000078554,OTHERS,730.1997787358282,1419.1159729550889,MIA
315974016.4435952,00000000-0000-0000-0000-000000079177,OTHERS,765.636634259551,1388.784098150732,MIA
315974016.4435952,00000000-0000-0000-0000-000000078849,OTHERS,745.7925221255254,1371.3264924051207,MIA
315974016.4435952,00000000-0000-0000-0000-000000078899,OTHERS,729.0756597795207,1433.741533132932,MIA
315974016.4435952,00000000-0000-0000-0000-000000079031,OTHERS,732.5656853973159,1412.9515823755362,MIA
315974016.4435952,00000000-0000-0000-0000-000000078851,OTHERS,728.8029511403412,1426.3862742083074,MIA
315974016.4435952,00000000-0000-0000-0000-000000079073,OTHERS,744.9808572881799,1364.3938342936465,MIA
315974016.4435952,00000000-0000-0000-0000-000000079083,OTHERS,731.9993339703464,1427.1541366510419,MIA
315974016.4435952,00000000-0000-0000-0000-000000079104,OTHERS,744.5813340576193,1362.3323175732055,MIA
315974016.4435952,00000000-0000-0000-0000-000000079179,OTHERS,834.0112787773613,1390.584410054949,MIA
315974016.4435952,00000000-0000-0000-0000-000000079184,OTHERS,811.8819953463598,1397.1520420286315,MIA
315974016.4435952,00000000-0000-0000-0000-000000079113,OTHERS,744.0146616758093,1400.6002944419452,MIA
315974016.4435952,00000000-0000-0000-0000-000000079111,AGENT,744.4841798369905,1417.8982479021186,MIA
315974016.4435952,00000000-0000-0000-0000-000000079182,OTHERS,749.4442578874217,1424.9414848934787,MIA
315974016.4435952,00000000-0000-0000-0000-000000079172,OTHERS,731.0246660433107,1444.3012033189746,MIA
315974016.4435952,00000000-0000-0000-0000-000000079114,OTHERS,711.9422879363487,1391.2924929149392,MIA
315974016.4435952,00000000-0000-0000-0000-000000079070,OTHERS,741.1446033728064,1370.9629460436647,MIA
315974016.4435952,00000000-0000-0000-0000-000000079174,OTHERS,744.8502122633985,1345.6979804061646,MIA
315974016.4435952,00000000-0000-0000-0000-000000079095,OTHERS,743.7546700838182,1444.6377096325475,MIA
315974016.4435952,00000000-0000-0000-0000-000000079173,OTHERS,748.6783928526565,1372.944862961375,MIA
315974016.4435952,00000000-0000-0000-0000-000000077767,OTHERS,732.8723686696582,1404.366809865661,MIA
315974016.4435952,00000000-0000-0000-0000-000000079026,OTHERS,736.3046764293782,1406.8654495721896,MIA
315974016.4435952,00000000-0000-0000-0000-000000079171,OTHERS,766.9480855357028,1394.79069963358,MIA
315974016.4435952,00000000-0000-0000-0000-000000079063,OTHERS,732.7004638165082,1420.167851168391,MIA
315974016.4435952,00000000-0000-0000-0000-000000079164,OTHERS,748.9338276088962,1358.4698446887528,MIA
315974016.4435952,00000000-0000-0000-0000-000000079133,OTHERS,731.5583050608992,1436.1757558414347,MIA
315974016.4435952,00000000-0000-0000-0000-000000079116,OTHERS,744.7607327243547,1352.8163643135674,MIA
315974016.55285317,00000000-0000-0000-0000-000000000000,AV,729.4872362836522,1412.1497441732754,MIA
315974016.55285317,00000000-0000-0000-0000-000000078554,OTHERS,730.1932378583696,1418.9040473580155,MIA
315974016.55285317,00000000-0000-0000-0000-000000079177,OTHERS,765.636634259551,1388.784098150732,MIA
315974016.55285317,00000000-0000-0000-0000-000000078849,OTHERS,745.7988526005055,1371.2685655898433,MIA
315974016.55285317,00000000-0000-0000-0000-000000078899,OTHERS,729.0494196728836,1433.660161077488,MIA
315974016.55285317,00000000-0000-0000-0000-000000079031,OTHERS,732.5704915082292,1412.9672859028628,MIA
315974016.55285317,00000000-0000-0000-0000-000000078851,OTHERS,728.8156012066793,1426.3395937647647,MIA
315974016.55285317,00000000-0000-0000-0000-000000079073,OTHERS,744.9552820056787,1364.1467009133414,MIA
315974016.55285317,00000000-0000-0000-0000-000000079083,OTHERS,732.0260328183953,1427.3348720330835,MIA
315974016.55285317,00000000-0000-0000-0000-000000079104,OTHERS,744.7769541716775,1362.5070254813907,MIA
315974016.55285317,00000000-0000-0000-0000-000000079179,OTHERS,833.382109429959,1390.55673653175,MIA
315974016.55285317,00000000-0000-0000-0000-000000079184,OTHERS,810.9533435294734,1396.8240087437305,MIA
315974016.55285317,00000000-0000-0000-0000-000000079113,OTHERS,743.9416401776341,1401.6470725963682,MIA
315974016.55285317,00000000-0000-0000-0000-000000079111,AGENT,744.4889817569647,1419.132039157573,MIA
315974016.55285317,00000000-0000-0000-0000-000000079182,OTHERS,749.4442578874217,1424.9414848934787,MIA
315974016.55285317,00000000-0000-0000-0000-000000079164,OTHERS,748.9338276088962,1358.4698446887528,MIA
315974016.55285317,00000000-0000-0000-0000-000000079172,OTHERS,731.0246660433107,1444.3012033189746,MIA
315974016.55285317,00000000-0000-0000-0000-000000079114,OTHERS,711.6947934638167,1391.3773582693912,MIA
315974016.55285317,00000000-0000-0000-0000-000000079070,OTHERS,741.3601456378377,1370.894929530069,MIA
315974016.55285317,00000000-0000-0000-0000-000000079174,OTHERS,744.8462976732443,1346.3763390387576,MIA
315974016.55285317,00000000-0000-0000-0000-000000079095,OTHERS,743.7546700838182,1444.6377096325475,MIA
315974016.55285317,00000000-0000-0000-0000-000000079173,OTHERS,748.6412588283871,1373.2501514300295,MIA
315974016.55285317,00000000-0000-0000-0000-000000077767,OTHERS,732.8785028369063,1404.239902921249,MIA
315974016.55285317,00000000-0000-0000-0000-000000079026,OTHERS,736.2927984295659,1406.6961845332658,MIA
315974016.55285317,00000000-0000-0000-0000-000000079171,OTHERS,766.12657201597,1394.4801967755234,MIA
315974016.55285317,00000000-0000-0000-0000-000000079063,OTHERS,732.7027491552087,1420.165309890846,MIA
315974016.55285317,00000000-0000-0000-0000-000000079133,OTHERS,731.5798156282924,1436.034539564978,MIA
315974016.55285317,00000000-0000-0000-0000-000000079116,OTHERS,744.9170838925322,1352.5884709677714,MIA
315974016.66607034,00000000-0000-0000-0000-000000000000,AV,729.4877033876462,1412.1479354780981,MIA
315974016.66607034,00000000-0000-0000-0000-000000078554,OTHERS,730.2246412901544,1418.6613577635615,MIA
315974016.66607034,00000000-0000-0000-0000-000000079177,OTHERS,765.636634259551,1388.784098150732,MIA
315974016.66607034,00000000-0000-0000-0000-000000078849,OTHERS,745.8450839274742,1371.1601744019708,MIA
315974016.66607034,00000000-0000-0000-0000-000000078899,OTHERS,729.017402448774,1433.549320131545,MIA
315974016.66607034,00000000-0000-0000-0000-000000078851,OTHERS,728.7963658519283,1426.3531868456075,MIA
315974016.66607034,00000000-0000-0000-0000-000000079073,OTHERS,744.8959201984125,1364.3701856150612,MIA
315974016.66607034,00000000-0000-0000-0000-000000079083,OTHERS,731.9954766712598,1427.196962691138,MIA
315974016.66607034,00000000-0000-0000-0000-000000079104,OTHERS,744.5519648468253,1362.3772805046215,MIA
315974016.66607034,00000000-0000-0000-0000-000000079113,OTHERS,743.74098810129,1403.6460956459734,MIA
315974016.66607034,00000000-0000-0000-0000-000000079184,OTHERS,810.9533435294734,1396.8240087437305,MIA
315974016.66607034,00000000-0000-0000-0000-000000079179,OTHERS,832.7291186469922,1390.8056595187336,MIA
315974016.66607034,00000000-0000-0000-0000-000000079186,OTHERS,748.2017643641942,1371.4221444125214,MIA
315974016.66607034,00000000-0000-0000-0000-000000079031,OTHERS,732.5641243873016,1412.9565187267456,MIA
315974016.66607034,00000000-0000-0000-0000-000000079111,AGENT,744.3767162884815,1419.94275356845,MIA
315974016.66607034,00000000-0000-0000-0000-000000079182,OTHERS,749.4524012073393,1425.126812573616,MIA
315974016.66607034,00000000-0000-0000-0000-000000079172,OTHERS,731.4340664672203,1445.6308894758185,MIA
315974016.66607034,00000000-0000-0000-0000-000000079185,OTHERS,796.9998493583087,1388.1937683561111,MIA
315974016.66607034,00000000-0000-0000-0000-000000079114,OTHERS,711.3565571846443,1391.1077841529302,MIA
315974016.66607034,00000000-0000-0000-0000-000000079070,OTHERS,741.3003337057039,1370.8994007227886,MIA
315974016.66607034,00000000-0000-0000-0000-000000079174,OTHERS,744.9125845173186,1346.376587382116,MIA
315974016.66607034,00000000-0000-0000-0000-000000079095,OTHERS,743.7546700838182,1444.6377096325475,MIA
315974016.66607034,00000000-0000-0000-0000-000000079173,OTHERS,748.4789182329625,1374.3010943085976,MIA
315974016.66607034,00000000-0000-0000-0000-000000077767,OTHERS,732.897832084267,1404.1264897923393,MIA
315974016.66607034,00000000-0000-0000-0000-000000079026,OTHERS,736.315114304311,1406.4600597238916,MIA
315974016.66607034,00000000-0000-0000-0000-000000079171,OTHERS,766.2080952796416,1394.9077367140007,MIA
315974016.66607034,00000000-0000-0000-0000-000000079063,OTHERS,732.6957046594696,1420.1562553789668,MIA
315974016.66607034,00000000-0000-0000-0000-000000079116,OTHERS,744.7906736640577,1352.8697100381835,MIA
315974016.66607034,00000000-0000-0000-0000-000000079133,OTHERS,731.5760512343157,1436.171478878218,MIA
315974016.7804476,00000000-0000-0000-0000-000000000000,AV,729.4882724527049,1412.1401087117194,MIA
315974016.7804476,00000000-0000-0000-0000-000000078554,OTHERS,730.2359639956039,1418.363964288101,MIA
315974016.7804476,00000000-0000-0000-0000-000000079177,OTHERS,765.636634259551,1388.784098150732,MIA
315974016.7804476,00000000-0000-0000-0000-000000078849,OTHERS,745.914302503532,1371.2798333977091,MIA
315974016.7804476,00000000-0000-0000-0000-000000078899,OTHERS,729.0561509801936,1433.5783287676181,MIA
315974016.7804476,00000000-0000-0000-0000-000000078851,OTHERS,728.8017812045413,1426.3511923960464,MIA
315974016.7804476,00000000-0000-0000-0000-000000079073,OTHERS,744.9105554314267,1364.405251529572,MIA
315974016.7804476,00000000-0000-0000-0000-000000079083,OTHERS,731.9987764673276,1427.1768646362314,MIA
315974016.7804476,00000000-0000-0000-0000-000000079104,OTHERS,744.660732058668,1362.3995790416416,MIA
315974016.7804476,00000000-0000-0000-0000-000000079113,OTHERS,743.5078474639377,1404.8748808047744,MIA
315974016.7804476,00000000-0000-0000-0000-000000079184,OTHERS,809.2022356023795,1397.0468056673515,MIA
315974016.7804476,00000000-0000-0000-0000-000000079179,OTHERS,831.887282003742,1390.7091365772849,MIA
315974016.7804476,00000000-0000-0000-0000-000000079186,OTHERS,748.1236130210159,1372.4459394720207,MIA
315974016.7804476,00000000-0000-0000-0000-000000079031,OTHERS,732.5585172558206,1412.948192504577,MIA
315974016.7804476,00000000-0000-0000-0000-000000079111,AGENT,744.15144179048,1420.629484941264,MIA
315974016.7804476,00000000-0000-0000-0000-000000079182,OTHERS,749.4422328124756,1425.2992529614291,MIA
315974016.7804476,00000000-0000-0000-0000-000000079172,OTHERS,731.5354279759621,1445.755412093231,MIA
315974016.7804476,00000000-0000-0000-0000-000000079185,OTHERS,796.47321697269,1388.2403424019046,MIA
315974016.7804476,00000000-0000-0000-0000-000000079114,OTHERS,711.1017667292782,1391.0149200165451,MIA
315974016.7804476,00000000-0000-0000-0000-000000079070,OTHERS,741.1587645851599,1370.9633130610798,MIA
315974016.7804476,00000000-0000-0000-0000-000000079174,OTHERS,744.9752409762795,1346.4726297938555,MIA
315974016.7804476,00000000-0000-0000-0000-000000079095,OTHERS,743.7546700838182,1444.6377096325475,MIA
315974016.7804476,00000000-0000-0000-0000-000000079173,OTHERS,748.3966632678612,1374.8821470383566,MIA
315974016.7804476,00000000-0000-0000-0000-000000077767,OTHERS,732.8989559465591,1404.0124907163613,MIA
315974016.7804476,00000000-0000-0000-0000-000000079026,OTHERS,736.3005262983957,1406.2857816558085,MIA
315974016.7804476,00000000-0000-0000-0000-000000079171,OTHERS,766.1608182432523,1394.9286616670984,MIA
315974016.7804476,00000000-0000-0000-0000-000000079063,OTHERS,732.7142810362781,1420.1673905885705,MIA
315974016.7804476,00000000-0000-0000-0000-000000079187,OTHERS,687.3530283328911,1389.073995877598,MIA
315974016.7804476,00000000-0000-0000-0000-000000079116,OTHERS,744.8879487614952,1352.4324730233072,MIA
315974016.7804476,00000000-0000-0000-0000-000000079133,OTHERS,731.5732435637863,1435.8296967619056,MIA
315974016.891411,00000000-0000-0000-0000-000000000000,AV,729.488344564573,1412.1320390351916,MIA
315974016.891411,00000000-0000-0000-0000-000000078554,OTHERS,730.2353702210727,1418.082666196213,MIA
315974016.891411,00000000-0000-0000-0000-000000078849,OTHERS,745.8066797716114,1371.1922887887215,MIA
315974016.891411,00000000-0000-0000-0000-000000078899,OTHERS,729.0752613762307,1433.4578243690707,MIA
315974016.891411,00000000-0000-0000-0000-000000078851,OTHERS,728.8070814681836,1426.3228796935553,MIA
315974016.891411,00000000-0000-0000-0000-000000079073,OTHERS,744.8886828960408,1364.4032519974367,MIA
315974016.891411,00000000-0000-0000-0000-000000079083,OTHERS,731.9980959580597,1427.2905600794882,MIA
315974016.891411,00000000-0000-0000-0000-000000079104,OTHERS,744.6783927296242,1362.4228030036536,MIA
315974016.891411,00000000-0000-0000-0000-000000079184,OTHERS,808.3231109467905,1397.0643766977744,MIA
315974016.891411,00000000-0000-0000-0000-000000079179,OTHERS,831.0407358863756,1390.5783134011795,MIA
315974016.891411,00000000-0000-0000-0000-000000079113,OTHERS,743.39017492845,1405.7018902769007,MIA
315974016.891411,00000000-0000-0000-0000-000000079031,OTHERS,732.5487029662613,1412.9293484711704,MIA
315974016.891411,00000000-0000-0000-0000-000000079111,AGENT,744.1874366317325,1421.9044938024704,MIA
315974016.891411,00000000-0000-0000-0000-000000079182,OTHERS,749.4422328124756,1425.2992529614291,MIA
315974016.891411,00000000-0000-0000-0000-000000079172,OTHERS,731.2759476220929,1445.3311323111216,MIA
315974016.891411,00000000-0000-0000-0000-000000079185,OTHERS,795.9439562207542,1388.2858028639926,MIA
315974016.891411,00000000-0000-0000-0000-000000079114,OTHERS,710.5032968630138,1390.9202864721124,MIA
315974016.891411,00000000-0000-0000-0000-000000079070,OTHERS,741.3705150482286,1370.916776302444,MIA
315974016.891411,00000000-0000-0000-0000-000000079174,OTHERS,744.9752409762795,1346.4726297938555,MIA
315974016.891411,00000000-0000-0000-0000-000000079173,OTHERS,748.2406148730286,1375.915121952646,MIA
315974016.891411,00000000-0000-0000-0000-000000077767,OTHERS,732.8998892923323,1403.8899400618025,MIA
315974016.891411,00000000-0000-0000-0000-000000079026,OTHERS,736.3186540360564,1406.06242385992,MIA
315974016.891411,00000000-0000-0000-0000-000000079171,OTHERS,764.6048125239282,1394.3238275638266,MIA
315974016.891411,00000000-0000-0000-0000-000000079063,OTHERS,732.6150498706025,1420.0857398396067,MIA
315974016.891411,00000000-0000-0000-0000-000000079187,OTHERS,686.7339599714758,1388.924786550031,MIA
315974016.891411,00000000-0000-0000-0000-000000079116,OTHERS,744.9387033873178,1352.5114319104414,MIA
315974016.891411,00000000-0000-0000-0000-000000079133,OTHERS,731.609940525624,1435.7373695311512,MIA
315974016.99391955,00000000-0000-0000-0000-000000000000,AV,729.4893857901973,1412.1184340038676,MIA
315974016.99391955,00000000-0000-0000-0000-000000078554,OTHERS,730.2642877262407,1417.7284822537756,MIA
315974016.99391955,00000000-0000-0000-0000-000000078849,OTHERS,745.7987165762097,1371.2702458275726,MIA
315974016.99391955,00000000-0000-0000-0000-000000078899,OTHERS,729.1054971806708,1433.338381368338,MIA
315974016.99391955,00000000-0000-0000-0000-000000078851,OTHERS,728.812736759474,1426.3447749876354,MIA
315974016.99391955,00000000-0000-0000-0000-000000079083,OTHERS,732.011750213631,1427.1598106173767,MIA
315974016.99391955,00000000-0000-0000-0000-000000079104,OTHERS,744.9284849720218,1364.3706920710924,MIA
315974016.99391955,00000000-0000-0000-0000-000000079184,OTHERS,807.6992353121955,1396.945398177845,MIA
315974016.99391955,00000000-0000-0000-0000-000000079179,OTHERS,830.2294293847062,1390.5692791259742,MIA
315974016.99391955,00000000-0000-0000-0000-000000079113,OTHERS,743.2414289719902,1406.5852459687185,MIA
315974016.99391955,00000000-0000-0000-0000-000000079031,OTHERS,732.5477226474303,1412.9265193921158,MIA
315974016.99391955,00000000-0000-0000-0000-000000079111,AGENT,744.1746346613803,1422.9490691987965,MIA
315974016.99391955,00000000-0000-0000-0000-000000079182,OTHERS,749.4422328124756,1425.2992529614291,MIA
315974016.99391955,00000000-0000-0000-0000-000000079172,OTHERS,731.2732731653177,1445.2506443137454,MIA
315974016.99391955,00000000-0000-0000-0000-000000079185,OTHERS,795.0513947421305,1388.3554004290252,MIA
315974016.99391955,00000000-0000-0000-0000-000000079114,OTHERS,709.9115273500094,1390.834148771555,MIA
315974016.99391955,00000000-0000-0000-0000-000000079070,OTHERS,741.2635215502291,1370.9263717033184,MIA
315974016.99391955,00000000-0000-0000-0000-000000079174,OTHERS,744.9752409762795,1346.4726297938555,MIA
315974016.99391955,00000000-0000-0000-0000-000000079173,OTHERS,748.1010371941212,1376.6903981034745,MIA
315974016.99391955,00000000-0000-0000-0000-000000077767,OTHERS,732.8988720908769,1403.7095910111966,MIA
315974016.99391955,00000000-0000-0000-0000-000000079026,OTHERS,736.3351423570473,1405.866581136051,MIA
315974016.99391955,00000000-0000-0000-0000-000000079171,OTHERS,764.1549805413773,1394.4851960073734,MIA
315974016.99391955,00000000-0000-0000-0000-000000079063,OTHERS,732.6916539685982,1420.1708160350345,MIA
315974016.99391955,00000000-0000-0000-0000-000000079187,OTHERS,686.2179526494972,1388.681078804692,MIA
315974016.99391955,00000000-0000-0000-0000-000000079116,OTHERS,744.7654805428133,1352.6243926398165,MIA
315974016.99391955,00000000-0000-0000-0000-000000079133,OTHERS,731.5350659676013,1435.6707007522257,MIA
315974017.09734017,00000000-0000-0000-0000-000000000000,AV,729.4910210817592,1412.0875054451453,MIA
315974017.09734017,00000000-0000-0000-0000-000000078554,OTHERS,730.286962138603,1417.3691878664185,MIA
315974017.09734017,00000000-0000-0000-0000-000000078849,OTHERS,745.795028289204,1371.3427759926076,MIA
315974017.09734017,00000000-0000-0000-0000-000000078899,OTHERS,729.069482281227,1433.2831526648445,MIA
315974017.09734017,00000000-0000-0000-0000-000000078851,OTHERS,728.8064216160685,1426.3317948149115,MIA
315974017.09734017,00000000-0000-0000-0000-000000079083,OTHERS,732.0494474306613,1426.897457828579,MIA
315974017.09734017,00000000-0000-0000-0000-000000079104,OTHERS,744.8193339801606,1364.2667555583234,MIA
315974017.09734017,00000000-0000-0000-0000-000000079179,OTHERS,829.6189190029663,1390.7144931271869,MIA
315974017.09734017,00000000-0000-0000-0000-000000079184,OTHERS,806.8724744309053,1396.9154894283786,MIA
315974017.09734017,00000000-0000-0000-0000-000000079113,OTHERS,743.078174338785,1407.6585741623724,MIA
315974017.09734017,00000000-0000-0000-0000-000000079063,OTHERS,732.6996081680679,1420.1579213564346,MIA
315974017.09734017,00000000-0000-0000-0000-000000079031,OTHERS,732.5588755430435,1412.9300051488779,MIA
315974017.09734017,00000000-0000-0000-0000-000000079172,OTHERS,731.2385504289581,1445.2274401465675,MIA
315974017.09734017,00000000-0000-0000-0000-000000079185,OTHERS,794.2859869434143,1388.3401908380413,MIA
315974017.09734017,00000000-0000-0000-0000-000000079114,OTHERS,708.9857591155522,1390.7945343658066,MIA
315974017.09734017,00000000-0000-0000-0000-000000079070,OTHERS,741.3373104240095,1370.986006971881,MIA
315974017.09734017,00000000-0000-0000-0000-000000079174,OTHERS,744.9752409762795,1346.4726297938555,MIA
315974017.09734017,00000000-0000-0000-0000-000000079173,OTHERS,748.1073404892795,1377.0873920066067,MIA
315974017.09734017,00000000-0000-0000-0000-000000077767,OTHERS,732.9323380773924,1403.5869525275243,MIA
315974017.09734017,00000000-0000-0000-0000-000000079026,OTHERS,736.3470959566645,1405.6248429707446,MIA
315974017.09734017,00000000-0000-0000-0000-000000079171,OTHERS,763.7138270201068,1394.489711081264,MIA
315974017.09734017,00000000-0000-0000-0000-000000079187,OTHERS,685.5026450589972,1388.2797381288985,MIA
315974017.09734017,00000000-0000-0000-0000-000000079116,OTHERS,744.7595029286426,1353.535976462555,MIA
315974017.09734017,00000000-0000-0000-0000-000000079133,OTHERS,731.5731561441874,1435.5597838414953,MIA
315974017.09734017,00000000-0000-0000-0000-000000079111,AGENT,744.1368012574296,1423.9776856634776,MIA
315974017.2030772,00000000-0000-0000-0000-000000000000,AV,729.4924871754132,1412.0595214241007,MIA
315974017.2030772,00000000-0000-0000-0000-000000078554,OTHERS,730.2885012054933,1416.9512465866378,MIA
315974017.2030772,00000000-0000-0000-0000-000000078849,OTHERS,745.8281291378963,1371.1603866470887,MIA
315974017.2030772,00000000-0000-0000-0000-000000078899,OTHERS,729.0653856329002,1433.1890539219935,MIA
315974017.2030772,00000000-0000-0000-0000-000000078851,OTHERS,728.8099533502548,1426.3411920127865,MIA
315974017.2030772,00000000-0000-0000-0000-000000079070,OTHERS,741.2206415951648,1370.972899526466,MIA
315974017.2030772,00000000-0000-0000-0000-000000079083,OTHERS,732.0930364014666,1426.8575699329556,MIA
315974017.2030772,00000000-0000-0000-0000-000000079104,OTHERS,744.9168611550976,1364.359751982932,MIA
315974017.2030772,00000000-0000-0000-0000-000000079111,AGENT,744.0674046705449,1424.8864796508622,MIA
315974017.2030772,00000000-0000-0000-0000-000000079113,OTHERS,742.9379274019632,1408.7406504099238,MIA
315974017.2030772,00000000-0000-0000-0000-000000079063,OTHERS,732.6325462913468,1420.1001695730015,MIA
315974017.2030772,00000000-0000-0000-0000-000000079031,OTHERS,732.5463568394008,1412.9402208520758,MIA
315974017.2030772,00000000-0000-0000-0000-000000079184,OTHERS,806.0340200104628,1396.9221755698325,MIA
315974017.2030772,00000000-0000-0000-0000-000000079179,OTHERS,828.8286385590455,1390.6204059718991,MIA
315974017.2030772,00000000-0000-0000-0000-000000079172,OTHERS,731.2175987411706,1444.8284140229266,MIA
315974017.2030772,00000000-0000-0000-0000-000000079185,OTHERS,793.5461007491696,1388.2416851063574,MIA
315974017.2030772,00000000-0000-0000-0000-000000079114,OTHERS,708.4325473774321,1390.7703470297567,MIA
315974017.2030772,00000000-0000-0000-0000-000000079173,OTHERS,748.0279023166572,1377.6431040737787,MIA
315974017.2030772,00000000-0000-0000-0000-000000077767,OTHERS,732.9441163799178,1403.3375675141285,MIA
315974017.2030772,00000000-0000-0000-0000-000000079026,OTHERS,736.3639059975453,1405.3827904840314,MIA
315974017.2030772,00000000-0000-0000-0000-000000079171,OTHERS,763.2670929498244,1394.496669643118,MIA
315974017.2030772,00000000-0000-0000-0000-000000079187,OTHERS,685.5026450589972,1388.2797381288985,MIA
315974017.2030772,00000000-0000-0000-0000-000000079116,OTHERS,744.6462172144365,1353.4716195074209,MIA
315974017.2030772,00000000-0000-0000-0000-000000079133,OTHERS,731.6036082575853,1435.5847495444089,MIA
315974017.3205464,00000000-0000-0000-0000-000000000000,AV,729.4948271446024,1412.0108193335966,MIA
315974017.3205464,00000000-0000-0000-0000-000000078554,OTHERS,730.3762134312378,1416.1487212035156,MIA
315974017.3205464,00000000-0000-0000-0000-000000078849,OTHERS,745.7846513294015,1371.2807330685964,MIA
315974017.3205464,00000000-0000-0000-0000-000000078899,OTHERS,729.0827051567624,1433.1048133824154,MIA
315974017.3205464,00000000-0000-0000-0000-000000078851,OTHERS,728.8152729479007,1426.295230173761,MIA
315974017.3205464,00000000-0000-0000-0000-000000079083,OTHERS,732.0117602592633,1427.2400226801938,MIA
315974017.3205464,00000000-0000-0000-0000-000000079104,OTHERS,744.8975419317767,1364.3985010526833,MIA
315974017.3205464,00000000-0000-0000-0000-000000079111,AGENT,744.0451193479771,1427.124867921763,MIA
315974017.3205464,00000000-0000-0000-0000-000000079113,OTHERS,742.6000367376573,1411.0370842695734,MIA
315974017.3205464,00000000-0000-0000-0000-000000079063,OTHERS,732.6183868992543,1420.099208808993,MIA
315974017.3205464,00000000-0000-0000-0000-000000079192,OTHERS,723.9741676012953,1383.4227376083766,MIA
315974017.3205464,00000000-0000-0000-0000-000000079114,OTHERS,706.8053314344037,1390.6240989871933,MIA
315974017.3205464,00000000-0000-0000-0000-000000079185,OTHERS,792.0299737384285,1388.0935089479608,MIA
315974017.3205464,00000000-0000-0000-0000-000000079070,OTHERS,741.3918744486976,1370.8934323982314,MIA
315974017.3205464,00000000-0000-0000-0000-000000079031,OTHERS,732.5612955606919,1412.9244193375187,MIA
315974017.3205464,00000000-0000-0000-0000-000000079184,OTHERS,804.2136260494368,1396.6305560570875,MIA
315974017.3205464,00000000-0000-0000-0000-000000079179,OTHERS,827.280861046584,1390.4904876590576,MIA
315974017.3205464,00000000-0000-0000-0000-000000079172,OTHERS,731.2314192650169,1444.580499870175,MIA
315974017.3205464,00000000-0000-0000-0000-000000079173,OTHERS,747.8306788064442,1379.4917929622138,MIA
315974017.3205464,00000000-0000-0000-0000-000000077767,OTHERS,732.9516101667418,1402.8611085175219,MIA
315974017.3205464,00000000-0000-0000-0000-000000079026,OTHERS,736.376415915447,1404.802855185819,MIA
315974017.3205464,00000000-0000-0000-0000-000000079171,OTHERS,762.5151535576282,1394.4863023249704,MIA
315974017.3205464,00000000-0000-0000-0000-000000079116,OTHERS,744.6412253989357,1353.5240427763308,MIA
315974017.3205464,00000000-0000-0000-0000-000000079187,OTHERS,682.2928056923631,1388.427930170711,MIA
315974017.3205464,00000000-0000-0000-0000-000000079133,OTHERS,731.5666171609055,1435.2982605196216,MIA
315974017.4326471,00000000-0000-0000-0000-000000000000,AV,729.4973276745634,1411.9599712316585,MIA
315974017.4326471,00000000-0000-0000-0000-000000078554,OTHERS,730.4207207466629,1415.7334664272614,MIA
315974017.4326471,00000000-0000-0000-0000-000000078849,OTHERS,745.8302454162886,1371.2313329298402,MIA
315974017.4326471,00000000-0000-0000-0000-000000078899,OTHERS,729.1193680966451,1433.0544549375045,MIA
315974017.4326471,00000000-0000-0000-0000-000000078851,OTHERS,728.8156408529811,1426.2679986402952,MIA
315974017.4326471,00000000-0000-0000-0000-000000079083,OTHERS,731.9980607625854,1427.2696063526114,MIA
315974017.4326471,00000000-0000-0000-0000-000000079104,OTHERS,744.9858294907863,1364.3418836484364,MIA
315974017.4326471,00000000-0000-0000-0000-000000079111,AGENT,743.9789331995654,1427.9832951182655,MIA
315974017.4326471,00000000-0000-0000-0000-000000079113,OTHERS,742.3798734662971,1412.1056494963873,MIA
315974017.4326471,00000000-0000-0000-0000-000000079190,OTHERS,762.1253523754874,1388.4131766523212,MIA
315974017.4326471,00000000-0000-0000-0000-000000079063,OTHERS,732.6062706715845,1420.0801836078765,MIA
315974017.4326471,00000000-0000-0000-0000-000000079192,OTHERS,723.9741676012953,1383.4227376083766,MIA
315974017.4326471,00000000-0000-0000-0000-000000079194,OTHERS,749.0229278330844,1368.306555174668,MIA
315974017.4326471,00000000-0000-0000-0000-000000079114,OTHERS,706.0285315119622,1390.4844738016345,MIA
315974017.4326471,00000000-0000-0000-0000-000000079185,OTHERS,791.1974334707277,1387.9942215408764,MIA
315974017.4326471,00000000-0000-0000-0000-000000079070,OTHERS,741.2968301670462,1371.0879256882474,MIA
315974017.4326471,00000000-0000-0000-0000-000000079031,OTHERS,732.5533876565703,1412.8862721282758,MIA
315974017.4326471,00000000-0000-0000-0000-000000079184,OTHERS,803.3837247190967,1396.6931892321356,MIA
315974017.4326471,00000000-0000-0000-0000-000000079179,OTHERS,826.4579703996416,1390.7030238890025,MIA
315974017.4326471,00000000-0000-0000-0000-000000079172,OTHERS,731.2314192650169,1444.580499870175,MIA
315974017.4326471,00000000-0000-0000-0000-000000079173,OTHERS,747.7167863646359,1380.1532260223375,MIA
315974017.4326471,00000000-0000-0000-0000-000000077767,OTHERS,732.9612831253087,1402.5373903276056,MIA
315974017.4326471,00000000-0000-0000-0000-000000079026,OTHERS,736.3966121673758,1404.476229886286,MIA
315974017.4326471,00000000-0000-0000-0000-000000079193,OTHERS,777.2462551255237,1394.8364026381198,MIA
315974017.4326471,00000000-0000-0000-0000-000000079171,OTHERS,761.6421097026773,1394.4416217368175,MIA
315974017.4326471,00000000-0000-0000-0000-000000079116,OTHERS,744.774755608509,1353.569458105798,MIA
315974017.4326471,00000000-0000-0000-0000-000000079187,OTHERS,681.5030923365737,1388.136298185411,MIA
315974017.4326471,00000000-0000-0000-0000-000000079133,OTHERS,731.6015838628414,1435.3054679907425,MIA
